0,94000
1,251700
2,94000
3,251700
4,251700
5,251700
6,94000
7,94000
8,251700
9,251700
10,94000
11,251700
12,251700
13,251700
14,94000
15,251700
16,94000
17,251700
18,251700
19,251700
20,251700
21,94000
22,172850
23,94000
24,251700
25,251700
26,94000
27,251700
28,94000
29,251700
30,94000
31,94000
32,251700
33,94000
34,94000
35,94000
36,94000
37,94000
38,251700
39,94000
40,251700
41,94000
42,94000
43,251700
44,94000
45,94000
46,94000
47,94000
48,251700
49,251700
50,172850
51,251700
52,94000
53,94000
54,251700
55,94000
56,251700
57,94000
58,251700
59,251700
60,94000
61,94000
62,94000
63,251700
64,251700
65,251700
66,94000
67,251700
68,94000
69,94000
70,251700
71,94000
72,251700
73,251700
74,251700
75,251700
76,251700
77,94000
78,94000
79,251700
80,94000
81,251700
82,251700
83,94000
84,251700
85,94000
86,94000
87,94000
88,94000
89,251700
90,94000
91,94000
92,251700
93,251700
94,94000
95,251700
96,94000
97,94000
98,251700
99,251700
100,94000
101,251700
102,251700
103,251700
104,94000
105,251700
106,251700
107,94000
108,251700
109,251700
110,94000
111,94000
112,94000
113,172850
114,251700
115,251700
116,94000
117,94000
118,94000
119,251700
120,251700
121,251700
122,94000
123,251700
124,94000
125,94000
126,94000
127,94000
128,94000
129,94000
130,251700
131,251700
132,172850
133,94000
134,94000
135,251700
136,94000
137,251700
138,251700
139,251700
140,251700
141,251700
142,251700
143,251700
144,251700
145,94000
146,94000
147,251700
148,94000
149,251700
150,251700
151,94000
152,251700
153,251700
154,251700
155,251700
156,251700
157,94000
158,251700
159,251700
160,251700
161,251700
162,94000
163,94000
164,94000
165,94000
166,94000
167,251700
168,94000
169,251700
170,94000
171,94000
172,94000
173,94000
174,94000
175,94000
176,251700
177,251700
178,94000
179,172850
180,94000
181,94000
182,94000
183,251700
184,251700
185,94000
186,94000
187,251700
188,251700
189,251700
190,94000
191,251700
192,172850
193,94000
194,251700
195,94000
196,94000
197,94000
198,251700
199,94000
200,251700
201,251700
202,94000
203,251700
204,94000
205,94000
206,94000
207,251700
208,94000
209,94000
210,251700
211,94000
212,94000
213,251700
214,251700
215,251700
216,251700
217,251700
218,251700
219,94000
220,94000
221,94000
222,94000
223,94000
224,251700
225,94000
226,251700
227,251700
228,94000
229,94000
230,94000
231,94000
232,172850
233,251700
234,251700
235,94000
236,94000
237,172850
238,94000
239,94000
240,251700
241,94000
242,94000
243,94000
244,94000
245,94000
246,94000
247,251700
248,251700
249,251700
250,251700
251,251700
252,251700
253,251700
254,251700
255,251700
256,94000
257,251700
258,94000
259,251700
260,94000
261,94000
262,94000
263,251700
264,94000
265,251700
266,94000
267,94000
268,94000
269,94000
270,94000
271,251700
272,251700
273,94000
274,251700
275,251700
276,94000
277,94000
278,251700
279,251700
280,94000
281,251700
282,251700
283,94000
284,251700
285,251700
286,251700
287,251700
288,251700
289,251700
290,251700
291,94000
292,251700
293,94000
294,94000
295,94000
296,94000
297,94000
298,251700
299,251700
300,251700
301,94000
302,251700
303,251700
304,251700
305,251700
306,251700
307,94000
308,94000
309,251700
310,251700
311,251700
312,94000
313,251700
314,94000
315,94000
316,172850
317,251700
318,94000
319,251700
320,251700
321,94000
322,251700
323,94000
324,94000
325,94000
326,94000
327,251700
328,94000
329,251700
330,251700
331,251700
332,251700
333,94000
334,94000
335,172850
336,251700
337,94000
338,94000
339,94000
340,251700
341,94000
342,251700
343,251700
344,94000
345,251700
346,251700
347,251700
348,94000
349,94000
350,251700
351,94000
352,251700
353,94000
354,94000
355,251700
356,251700
357,94000
358,251700
359,251700
360,251700
361,251700
362,251700
363,94000
364,251700
365,94000
366,94000
367,94000
368,94000
369,94000
370,94000
371,94000
372,251700
373,94000
374,94000
375,94000
376,94000
377,94000
378,172850
379,94000
380,251700
381,94000
382,251700
383,94000
384,251700
385,251700
386,94000
387,251700
388,251700
389,94000
390,94000
391,172850
392,251700
393,251700
394,94000
395,251700
396,94000
397,251700
398,251700
399,251700
400,251700
401,94000
402,94000
403,94000
404,251700
405,94000
406,94000
407,94000
408,251700
409,94000
410,251700
411,251700
412,251700
413,251700
414,94000
415,251700
416,172850
417,94000
418,94000
419,94000
420,251700
421,251700
422,172850
423,172850
424,251700
425,251700
426,94000
427,94000
428,251700
429,94000
430,251700
431,172850
432,251700
433,94000
434,251700
435,251700
436,94000
437,94000
438,251700
439,94000
440,94000
441,251700
442,251700
443,94000
444,94000
445,251700
446,94000
447,94000
448,94000
449,251700
450,94000
451,94000
452,251700
453,251700
454,251700
455,94000
456,94000
457,172850
458,251700
459,94000
460,251700
461,251700
462,94000
463,94000
464,251700
465,94000
466,251700
467,94000
468,251700
469,251700
470,172850
471,251700
472,251700
473,94000
474,94000
475,251700
476,94000
477,94000
478,251700
479,251700
480,94000
481,251700
482,94000
483,251700
484,251700
485,94000
486,94000
487,251700
488,251700
489,94000
490,251700
491,94000
492,251700
493,251700
494,251700
495,94000
496,251700
497,251700
498,251700
499,94000
500,251700
501,251700
502,94000
503,251700
504,94000
505,251700
506,251700
507,94000
508,94000
509,251700
510,251700
511,251700
512,251700
513,94000
514,94000
515,94000
516,251700
517,94000
518,94000
519,94000
520,251700
521,94000
522,94000
523,172850
524,94000
525,94000
526,251700
527,251700
528,94000
529,94000
530,251700
531,94000
532,251700
533,94000
534,94000
535,251700
536,94000
537,251700
538,251700
539,94000
540,94000
541,94000
542,251700
543,251700
544,251700
545,94000
546,94000
547,251700
548,94000
549,94000
550,251700
551,251700
552,251700
553,251700
554,94000
555,94000
556,94000
557,94000
558,94000
559,251700
560,94000
561,94000
562,251700
563,251700
564,94000
565,251700
566,251700
567,251700
568,251700
569,251700
570,94000
571,251700
572,94000
573,94000
574,251700
575,251700
576,251700
577,251700
578,251700
579,94000
580,251700
581,251700
582,94000
583,94000
584,251700
585,251700
586,251700
587,94000
588,251700
589,251700
590,251700
591,251700
592,94000
593,94000
594,251700
595,94000
596,251700
597,251700
598,94000
599,251700
600,94000
601,94000
602,94000
603,172850
604,94000
605,251700
606,94000
607,251700
608,251700
609,94000
610,94000
611,251700
612,251700
613,94000
614,94000
615,251700
616,94000
617,94000
618,251700
619,94000
620,94000
621,251700
622,94000
623,94000
624,251700
625,251700
626,251700
627,251700
628,251700
629,94000
630,94000
631,94000
632,251700
633,94000
634,251700
635,94000
636,251700
637,251700
638,251700
639,94000
640,94000
641,94000
642,94000
643,94000
644,94000
645,94000
646,94000
647,94000
648,251700
649,251700
650,251700
651,251700
652,172850
653,94000
654,94000
655,251700
656,94000
657,251700
658,94000
659,251700
660,94000
661,94000
662,94000
663,172850
664,94000
665,251700
666,251700
667,94000
668,94000
669,94000
670,94000
671,94000
672,94000
673,251700
674,251700
675,94000
676,94000
677,94000
678,94000
679,251700
680,172850
681,251700
682,94000
683,94000
684,172850
685,94000
686,251700
687,251700
688,251700
689,172850
690,251700
691,94000
692,172850
693,251700
694,94000
695,94000
696,251700
697,94000
698,251700
699,94000
700,94000
701,94000
702,94000
703,94000
704,94000
705,251700
706,94000
707,94000
708,94000
709,251700
710,251700
711,94000
712,94000
713,94000
714,251700
715,251700
716,94000
717,251700
718,94000
719,251700
720,251700
721,251700
722,251700
723,251700
724,94000
725,251700
726,94000
727,251700
728,94000
729,251700
730,94000
731,251700
732,94000
733,251700
734,251700
735,94000
736,251700
737,94000
738,251700
739,94000
740,251700
741,172850
742,251700
743,94000
744,251700
745,94000
746,94000
747,94000
748,94000
749,251700
750,94000
751,94000
752,94000
753,251700
754,251700
755,94000
756,94000
757,94000
758,94000
759,251700
760,251700
761,251700
762,251700
763,251700
764,251700
765,94000
766,251700
767,251700
768,94000
769,251700
770,94000
771,251700
772,94000
773,172850
774,94000
775,251700
776,94000
777,94000
778,251700
779,251700
780,94000
781,251700
782,251700
783,251700
784,251700
785,94000
786,251700
787,251700
788,251700
789,251700
790,251700
791,251700
792,94000
793,94000
794,94000
795,94000
796,251700
797,251700
798,251700
799,94000
800,94000
801,94000
802,94000
803,94000
804,251700
805,94000
806,94000
807,94000
808,251700
809,251700
810,251700
811,251700
812,251700
813,94000
814,251700
815,94000
816,251700
817,251700
818,251700
819,94000
820,94000
821,94000
822,94000
823,251700
824,94000
825,94000
826,251700
827,251700
828,94000
829,94000
830,251700
831,251700
832,251700
833,251700
834,251700
835,94000
836,94000
837,251700
838,251700
839,251700
840,251700
841,251700
842,94000
843,251700
844,251700
845,251700
846,94000
847,251700
848,251700
849,251700
850,251700
851,251700
852,251700
853,94000
854,94000
855,94000
856,94000
857,94000
858,94000
859,94000
860,94000
861,94000
862,94000
863,251700
864,94000
865,94000
866,94000
867,94000
868,251700
869,94000
870,251700
871,94000
872,94000
873,94000
874,94000
875,251700
876,251700
877,251700
878,94000
879,94000
880,251700
881,251700
882,94000
883,94000
884,251700
885,94000
886,172850
887,251700
888,94000
889,94000
890,251700
891,94000
892,94000
893,94000
894,251700
895,251700
896,251700
897,251700
898,94000
899,94000
900,251700
901,251700
902,251700
903,172850
904,251700
905,94000
906,94000
907,251700
908,94000
909,251700
910,251700
911,251700
912,94000
913,94000
914,94000
915,94000
916,251700
917,251700
918,94000
919,94000
920,251700
921,94000
922,251700
923,251700
924,251700
925,94000
926,94000
927,94000
928,251700
929,251700
930,94000
931,94000
932,251700
933,94000
934,172850
935,251700
936,251700
937,251700
938,251700
939,94000
940,94000
941,251700
942,94000
943,251700
944,94000
945,94000
946,94000
947,94000
948,94000
949,251700
950,251700
951,94000
952,251700
953,94000
954,251700
955,251700
956,94000
957,251700
958,251700
959,251700
960,251700
961,94000
962,251700
963,251700
964,251700
965,251700
966,94000
967,94000
968,94000
969,94000
970,94000
971,94000
972,94000
973,94000
974,251700
975,94000
976,251700
977,251700
978,172850
979,94000
980,94000
981,94000
982,251700
983,251700
984,172850
985,251700
986,94000
987,94000
988,94000
989,94000
990,251700
991,251700
992,94000
993,251700
994,94000
995,94000
996,94000
997,94000
998,94000
999,94000
1000,94000
1001,94000
1002,251700
1003,251700
1004,251700
1005,172850
1006,94000
1007,94000
1008,251700
1009,251700
1010,94000
1011,251700
1012,94000
1013,94000
1014,251700
1015,94000
1016,251700
1017,94000
1018,251700
1019,172850
1020,251700
1021,251700
1022,94000
1023,251700
1024,251700
1025,251700
1026,94000
1027,94000
1028,94000
1029,94000
1030,94000
1031,94000
1032,251700
1033,251700
1034,94000
1035,251700
1036,172850
1037,94000
1038,251700
1039,94000
1040,94000
1041,94000
1042,251700
1043,251700
1044,94000
1045,94000
1046,94000
1047,251700
1048,251700
1049,251700
1050,251700
1051,251700
1052,94000
1053,251700
1054,94000
1055,251700
1056,251700
1057,94000
1058,94000
1059,251700
1060,94000
1061,251700
1062,94000
1063,251700
1064,251700
1065,251700
1066,251700
1067,251700
1068,94000
1069,94000
1070,94000
1071,94000
1072,251700
1073,251700
1074,251700
1075,94000
1076,94000
1077,251700
1078,94000
1079,251700
1080,94000
1081,94000
1082,251700
1083,94000
1084,251700
1085,251700
1086,251700
1087,251700
1088,251700
1089,94000
1090,251700
1091,251700
1092,251700
1093,251700
1094,251700
1095,94000
1096,94000
1097,94000
1098,94000
1099,251700
1100,94000
1101,94000
1102,94000
1103,251700
1104,94000
1105,251700
1106,94000
1107,251700
1108,94000
1109,94000
1110,251700
1111,251700
1112,251700
1113,251700
1114,94000
1115,251700
1116,94000
1117,94000
1118,251700
1119,172850
1120,251700
1121,94000
1122,94000
1123,251700
1124,251700
1125,94000
1126,94000
1127,94000
1128,94000
1129,94000
1130,94000
1131,94000
1132,94000
1133,94000
1134,172850
1135,94000
1136,251700
1137,94000
1138,251700
1139,251700
1140,251700
1141,251700
1142,94000
1143,172850
1144,94000
1145,172850
1146,94000
1147,251700
1148,94000
1149,251700
1150,251700
1151,251700
1152,251700
1153,251700
1154,251700
1155,94000
1156,94000
1157,251700
1158,251700
1159,94000
1160,94000
1161,251700
1162,251700
1163,251700
1164,251700
1165,172850
1166,172850
1167,251700
1168,94000
1169,251700
1170,251700
1171,251700
1172,94000
1173,251700
1174,94000
1175,251700
1176,94000
1177,251700
1178,94000
1179,94000
1180,251700
1181,251700
1182,94000
1183,94000
1184,94000
1185,251700
1186,94000
1187,251700
1188,94000
1189,251700
1190,251700
1191,94000
1192,251700
1193,251700
1194,251700
1195,94000
1196,251700
1197,251700
1198,94000
1199,251700
1200,251700
1201,94000
1202,172850
1203,251700
1204,94000
1205,94000
1206,94000
1207,94000
1208,94000
1209,94000
1210,251700
1211,251700
1212,251700
1213,94000
1214,251700
1215,94000
1216,94000
1217,94000
1218,251700
1219,251700
1220,94000
1221,94000
1222,251700
1223,251700
1224,251700
1225,94000
1226,94000
1227,94000
1228,251700
1229,94000
1230,94000
1231,251700
1232,94000
1233,94000
1234,251700
1235,251700
1236,94000
1237,251700
1238,94000
1239,251700
1240,251700
1241,172850
1242,94000
1243,251700
1244,94000
1245,94000
1246,172850
1247,94000
1248,94000
1249,94000
1250,251700
1251,94000
1252,251700
1253,251700
1254,251700
1255,172850
1256,94000
1257,251700
1258,251700
1259,94000
1260,251700
1261,94000
1262,251700
1263,94000
1264,251700
1265,94000
1266,251700
1267,251700
1268,251700
1269,251700
1270,94000
1271,94000
1272,94000
1273,94000
1274,251700
1275,251700
1276,94000
1277,94000
1278,251700
1279,251700
1280,94000
1281,94000
1282,251700
1283,251700
1284,251700
1285,94000
1286,251700
1287,251700
1288,251700
1289,94000
1290,94000
1291,251700
1292,251700
1293,251700
1294,251700
1295,172850
1296,94000
1297,94000
1298,94000
1299,251700
1300,251700
1301,251700
1302,251700
1303,94000
1304,251700
1305,251700
1306,251700
1307,94000
1308,94000
1309,94000
1310,94000
1311,251700
1312,94000
1313,94000
1314,251700
1315,251700
1316,94000
1317,94000
1318,94000
1319,94000
1320,251700
1321,251700
1322,94000
1323,251700
1324,251700
1325,251700
1326,251700
1327,251700
1328,251700
1329,251700
1330,251700
1331,94000
1332,251700
1333,94000
1334,251700
1335,94000
1336,172850
1337,94000
1338,94000
1339,251700
1340,251700
1341,251700
1342,251700
1343,251700
1344,94000
1345,251700
1346,94000
1347,94000
1348,94000
1349,94000
1350,94000
1351,251700
1352,251700
1353,94000
1354,251700
1355,251700
1356,251700
1357,94000
1358,94000
1359,94000
1360,94000
1361,251700
1362,94000
1363,251700
1364,94000
1365,94000
1366,94000
1367,251700
1368,251700
1369,94000
1370,94000
1371,251700
1372,94000
1373,251700
1374,94000
1375,251700
1376,251700
1377,251700
1378,251700
1379,251700
1380,251700
1381,94000
1382,251700
1383,251700
1384,251700
1385,251700
1386,251700
1387,251700
1388,94000
1389,251700
1390,94000
1391,251700
1392,251700
1393,94000
1394,251700
1395,94000
1396,94000
1397,251700
1398,251700
1399,94000
1400,94000
1401,94000
1402,94000
1403,251700
1404,251700
1405,251700
1406,251700
1407,94000
1408,251700
1409,94000
1410,94000
1411,251700
1412,251700
1413,251700
1414,94000
1415,94000
1416,251700
1417,251700
1418,94000
1419,94000
1420,94000
1421,251700
1422,251700
1423,94000
1424,251700
1425,172850
1426,251700
1427,94000
1428,94000
1429,94000
1430,251700
1431,251700
1432,94000
1433,251700
1434,94000
1435,251700
1436,251700
1437,251700
1438,251700
1439,94000
1440,94000
1441,94000
1442,251700
1443,94000
1444,251700
1445,94000
1446,251700
1447,251700
1448,94000
1449,94000
1450,251700
1451,251700
1452,94000
1453,94000
1454,251700
1455,94000
1456,94000
1457,251700
1458,251700
1459,94000
1460,94000
1461,251700
1462,94000
1463,251700
1464,251700
1465,94000
1466,251700
1467,251700
1468,94000
1469,251700
1470,94000
1471,94000
1472,94000
1473,94000
1474,251700
1475,251700
1476,94000
1477,251700
1478,251700
1479,251700
1480,94000
1481,251700
1482,94000
1483,251700
1484,94000
1485,251700
1486,94000
1487,251700
1488,251700
1489,94000
1490,94000
1491,251700
1492,94000
1493,94000
1494,251700
1495,251700
1496,94000
1497,251700
1498,172850
1499,94000
1500,251700
1501,94000
1502,94000
1503,251700
1504,94000
1505,251700
1506,94000
1507,251700
1508,94000
1509,94000
1510,94000
1511,251700
1512,251700
1513,251700
1514,94000
1515,94000
1516,172850
1517,94000
1518,251700
1519,251700
1520,94000
1521,94000
1522,251700
1523,94000
1524,251700
1525,94000
1526,94000
1527,251700
1528,94000
1529,94000
1530,94000
1531,251700
1532,251700
1533,94000
1534,251700
1535,251700
1536,94000
1537,94000
1538,251700
1539,94000
1540,172850
1541,94000
1542,94000
1543,94000
1544,94000
1545,94000
1546,251700
1547,251700
1548,94000
1549,94000
1550,251700
1551,172850
1552,251700
1553,172850
1554,94000
1555,251700
1556,251700
1557,94000
1558,94000
1559,251700
1560,251700
1561,94000
1562,94000
1563,94000
1564,94000
1565,251700
1566,94000
1567,94000
1568,251700
1569,94000
1570,251700
1571,251700
1572,94000
1573,251700
1574,94000
1575,94000
1576,94000
1577,94000
1578,251700
1579,251700
1580,251700
1581,94000
1582,251700
1583,94000
1584,94000
1585,94000
1586,251700
1587,251700
1588,94000
1589,251700
1590,251700
1591,251700
1592,94000
1593,251700
1594,94000
1595,94000
1596,94000
1597,94000
1598,94000
1599,251700
1600,251700
1601,251700
1602,251700
1603,251700
1604,94000
1605,94000
1606,172850
1607,94000
1608,94000
1609,94000
1610,251700
1611,94000
1612,251700
1613,251700
1614,94000
1615,94000
1616,94000
1617,251700
1618,94000
1619,172850
1620,251700
1621,94000
1622,251700
1623,251700
1624,251700
1625,251700
1626,94000
1627,251700
1628,251700
1629,251700
1630,251700
1631,94000
1632,251700
1633,251700
1634,251700
1635,94000
1636,172850
1637,94000
1638,251700
1639,251700
1640,94000
1641,94000
1642,251700
1643,94000
1644,94000
1645,94000
1646,94000
1647,251700
1648,251700
1649,251700
1650,251700
1651,251700
1652,251700
1653,172850
1654,94000
1655,94000
1656,94000
1657,94000
1658,251700
1659,94000
1660,251700
1661,94000
1662,251700
1663,251700
1664,251700
1665,94000
1666,251700
1667,94000
1668,172850
1669,94000
1670,251700
1671,251700
1672,251700
1673,172850
1674,172850
1675,94000
1676,94000
1677,251700
1678,172850
1679,251700
1680,94000
1681,251700
1682,94000
1683,94000
1684,251700
1685,251700
1686,94000
1687,251700
1688,94000
1689,251700
1690,251700
1691,94000
1692,94000
1693,94000
1694,94000
1695,251700
1696,251700
1697,94000
1698,94000
1699,251700
1700,251700
1701,251700
1702,251700
1703,94000
1704,251700
1705,251700
1706,251700
1707,94000
1708,94000
1709,94000
1710,94000
1711,94000
1712,94000
1713,94000
1714,251700
1715,251700
1716,94000
1717,94000
1718,251700
1719,251700
1720,251700
1721,94000
1722,251700
1723,94000
1724,94000
1725,94000
1726,251700
1727,94000
1728,251700
1729,94000
1730,94000
1731,251700
1732,251700
1733,94000
1734,251700
1735,94000
1736,94000
1737,94000
1738,251700
1739,251700
1740,251700
1741,251700
1742,94000
1743,251700
1744,251700
1745,94000
1746,251700
1747,94000
1748,94000
1749,94000
1750,94000
1751,251700
1752,94000
1753,94000
1754,251700
1755,172850
1756,94000
1757,251700
1758,94000
1759,251700
1760,94000
1761,251700
1762,251700
1763,251700
1764,251700
1765,251700
1766,94000
1767,94000
1768,94000
1769,94000
1770,94000
1771,94000
1772,251700
1773,251700
1774,251700
1775,251700
1776,251700
1777,172850
1778,251700
1779,94000
1780,94000
1781,94000
1782,94000
1783,251700
1784,251700
1785,251700
1786,94000
1787,94000
1788,94000
1789,251700
1790,94000
1791,251700
1792,172850
1793,94000
1794,251700
1795,94000
1796,94000
1797,94000
1798,172850
1799,94000
1800,94000
1801,251700
1802,251700
1803,251700
1804,251700
1805,94000
1806,251700
1807,94000
1808,94000
1809,251700
1810,251700
1811,94000
1812,251700
1813,94000
1814,94000
1815,94000
1816,172850
1817,94000
1818,251700
1819,94000
1820,251700
1821,251700
1822,94000
1823,94000
1824,94000
1825,94000
1826,251700
1827,94000
1828,251700
1829,94000
1830,172850
1831,251700
1832,94000
1833,94000
1834,94000
1835,251700
1836,251700
1837,251700
1838,94000
1839,251700
1840,251700
1841,94000
1842,251700
1843,94000
1844,251700
1845,94000
1846,94000
1847,94000
1848,251700
1849,94000
1850,251700
1851,94000
1852,251700
1853,94000
1854,94000
1855,251700
1856,251700
1857,94000
1858,251700
1859,251700
1860,251700
1861,251700
1862,251700
1863,251700
1864,251700
1865,251700
1866,94000
1867,251700
1868,251700
1869,251700
1870,172850
1871,94000
1872,94000
1873,94000
1874,94000
1875,251700
1876,251700
1877,251700
1878,251700
1879,94000
1880,172850
1881,172850
1882,251700
1883,251700
1884,251700
1885,251700
1886,94000
1887,251700
1888,172850
1889,94000
1890,94000
1891,94000
1892,94000
1893,94000
1894,251700
1895,251700
1896,251700
1897,251700
1898,251700
1899,251700
1900,251700
1901,94000
1902,94000
1903,94000
1904,94000
1905,251700
1906,172850
1907,94000
1908,251700
1909,94000
1910,251700
1911,251700
1912,94000
1913,94000
1914,251700
1915,251700
1916,94000
1917,251700
1918,251700
1919,94000
1920,251700
1921,94000
1922,251700
1923,251700
1924,251700
1925,94000
1926,94000
1927,94000
1928,94000
1929,94000
1930,251700
1931,251700
1932,94000
1933,251700
1934,251700
1935,94000
1936,94000
1937,94000
1938,251700
1939,94000
1940,251700
1941,94000
1942,94000
1943,94000
1944,251700
1945,94000
1946,94000
1947,94000
1948,251700
1949,94000
1950,94000
1951,94000
1952,172850
1953,94000
1954,94000
1955,251700
1956,94000
1957,251700
1958,94000
1959,251700
1960,251700
1961,94000
1962,94000
1963,94000
1964,251700
1965,251700
1966,94000
1967,94000
1968,94000
1969,251700
1970,94000
1971,94000
1972,251700
1973,251700
1974,251700
1975,94000
1976,94000
1977,251700
1978,251700
1979,251700
1980,94000
1981,251700
1982,94000
1983,94000
1984,251700
1985,94000
1986,251700
1987,94000
1988,94000
1989,94000
1990,251700
1991,94000
1992,94000
1993,94000
1994,94000
1995,94000
1996,94000
1997,94000
1998,251700
1999,94000
2000,94000
2001,251700
2002,251700
2003,94000
2004,94000
2005,94000
2006,94000
2007,94000
2008,251700
2009,251700
2010,94000
2011,251700
2012,94000
2013,251700
2014,251700
2015,251700
2016,94000
2017,94000
2018,94000
2019,251700
2020,251700
2021,251700
2022,251700
2023,94000
2024,251700
2025,251700
2026,251700
2027,251700
2028,251700
2029,94000
2030,94000
2031,251700
2032,94000
2033,94000
2034,251700
2035,94000
2036,251700
2037,94000
2038,94000
2039,251700
2040,251700
2041,251700
2042,94000
2043,251700
2044,251700
2045,94000
2046,94000
2047,251700
2048,251700
2049,251700
2050,94000
2051,251700
2052,251700
2053,94000
2054,251700
2055,94000
2056,251700
2057,94000
2058,251700
2059,251700
2060,251700
2061,94000
2062,251700
2063,251700
2064,251700
2065,251700
2066,251700
2067,251700
2068,94000
2069,251700
2070,94000
2071,94000
2072,94000
2073,251700
2074,94000
2075,94000
2076,94000
2077,94000
2078,251700
2079,251700
2080,251700
2081,251700
2082,94000
2083,94000
2084,251700
2085,94000
2086,251700
2087,251700
2088,94000
2089,94000
2090,94000
2091,94000
2092,94000
2093,251700
2094,94000
2095,94000
2096,94000
2097,251700
2098,251700
2099,94000
2100,94000
2101,251700
2102,94000
2103,251700
2104,94000
2105,251700
2106,94000
2107,94000
2108,251700
2109,251700
2110,94000
2111,94000
2112,94000
2113,94000
2114,251700
2115,251700
2116,251700
2117,251700
2118,94000
2119,251700
2120,251700
2121,251700
2122,251700
2123,251700
2124,251700
2125,94000
2126,94000
2127,251700
2128,172850
2129,251700
2130,251700
2131,94000
2132,94000
2133,94000
2134,251700
2135,251700
2136,94000
2137,94000
2138,94000
2139,251700
2140,94000
2141,251700
2142,251700
2143,94000
2144,94000
2145,94000
2146,251700
2147,251700
2148,251700
2149,251700
2150,251700
2151,251700
2152,94000
2153,94000
2154,94000
2155,251700
2156,172850
2157,94000
2158,251700
2159,94000
2160,251700
2161,94000
2162,94000
2163,94000
2164,251700
2165,94000
2166,94000
2167,251700
2168,251700
2169,94000
2170,94000
2171,172850
2172,251700
2173,251700
2174,251700
2175,94000
2176,251700
2177,94000
2178,94000
2179,251700
2180,251700
2181,94000
2182,94000
2183,94000
2184,94000
2185,94000
2186,172850
2187,251700
2188,172850
2189,94000
2190,94000
2191,94000
2192,94000
2193,251700
2194,94000
2195,94000
2196,94000
2197,94000
2198,94000
2199,94000
2200,251700
2201,94000
2202,251700
2203,94000
2204,94000
2205,251700
2206,251700
2207,94000
2208,251700
2209,251700
2210,94000
2211,94000
2212,94000
2213,94000
2214,251700
2215,94000
2216,94000
2217,94000
2218,94000
2219,251700
2220,251700
2221,251700
2222,251700
2223,251700
2224,94000
2225,251700
2226,94000
2227,94000
2228,94000
2229,251700
2230,251700
2231,94000
2232,94000
2233,172850
2234,94000
2235,94000
2236,94000
2237,251700
2238,251700
2239,251700
2240,251700
2241,94000
2242,94000
2243,251700
2244,251700
2245,94000
2246,251700
2247,251700
2248,251700
2249,251700
2250,94000
2251,94000
2252,94000
2253,94000
2254,94000
2255,251700
2256,94000
2257,94000
2258,94000
2259,94000
2260,94000
2261,94000
2262,251700
2263,94000
2264,94000
2265,94000
2266,172850
2267,94000
2268,94000
2269,251700
2270,94000
2271,251700
2272,94000
2273,94000
2274,251700
2275,94000
2276,251700
2277,94000
2278,251700
2279,251700
2280,94000
2281,94000
2282,251700
2283,251700
2284,94000
2285,94000
2286,251700
2287,94000
2288,94000
2289,251700
2290,251700
2291,94000
2292,172850
2293,94000
2294,94000
2295,251700
2296,94000
2297,251700
2298,251700
2299,94000
2300,251700
2301,94000
2302,251700
2303,94000
2304,94000
2305,251700
2306,251700
2307,251700
2308,251700
2309,251700
2310,94000
2311,94000
2312,94000
2313,251700
2314,251700
2315,94000
2316,251700
2317,251700
2318,251700
2319,251700
2320,251700
2321,94000
2322,94000
2323,251700
2324,251700
2325,94000
2326,94000
2327,251700
2328,94000
2329,251700
2330,94000
2331,94000
2332,94000
2333,94000
2334,94000
2335,94000
2336,94000
2337,251700
2338,251700
2339,94000
2340,251700
2341,251700
2342,251700
2343,251700
2344,251700
2345,251700
2346,251700
2347,251700
2348,94000
2349,94000
2350,94000
2351,94000
2352,251700
2353,251700
2354,94000
2355,94000
2356,251700
2357,251700
2358,251700
2359,94000
2360,251700
2361,251700
2362,251700
2363,251700
2364,251700
2365,94000
2366,251700
2367,251700
2368,251700
2369,94000
2370,251700
2371,251700
2372,251700
2373,94000
2374,251700
2375,94000
2376,94000
2377,251700
2378,172850
2379,251700
2380,94000
2381,251700
2382,251700
2383,251700
2384,94000
2385,94000
2386,94000
2387,251700
2388,94000
2389,94000
2390,94000
2391,94000
2392,172850
2393,94000
2394,94000
2395,172850
2396,94000
2397,251700
2398,94000
2399,94000
2400,94000
2401,94000
2402,251700
2403,94000
2404,94000
2405,251700
2406,251700
2407,251700
2408,251700
2409,94000
2410,251700
2411,251700
2412,94000
2413,94000
2414,251700
2415,251700
2416,251700
2417,94000
2418,94000
2419,251700
2420,94000
2421,251700
2422,94000
2423,251700
2424,251700
2425,94000
2426,94000
2427,94000
2428,251700
2429,94000
2430,94000
2431,94000
2432,94000
2433,251700
2434,94000
2435,94000
2436,251700
2437,94000
2438,94000
2439,251700
2440,94000
2441,94000
2442,251700
2443,251700
2444,94000
2445,94000
2446,94000
2447,251700
2448,251700
2449,251700
2450,251700
2451,251700
2452,94000
2453,94000
2454,94000
2455,94000
2456,251700
2457,251700
2458,94000
2459,251700
2460,251700
2461,94000
2462,94000
2463,251700
2464,251700
2465,94000
2466,251700
2467,251700
2468,94000
2469,94000
2470,94000
2471,172850
2472,94000
2473,251700
2474,94000
2475,94000
2476,94000
2477,251700
2478,251700
2479,251700
2480,251700
2481,94000
2482,94000
2483,94000
2484,94000
2485,94000
2486,251700
2487,94000
2488,94000
2489,251700
2490,94000
2491,94000
2492,94000
2493,94000
2494,251700
2495,94000
2496,94000
2497,94000
2498,94000
2499,94000
2500,94000
2501,94000
2502,251700
2503,94000
2504,94000
2505,251700
2506,94000
2507,94000
2508,251700
2509,172850
2510,94000
2511,251700
2512,94000
2513,94000
2514,251700
2515,94000
2516,251700
2517,94000
2518,94000
2519,94000
2520,94000
2521,172850
2522,94000
2523,251700
2524,94000
2525,251700
2526,94000
2527,251700
2528,251700
2529,251700
2530,94000
2531,94000
2532,94000
2533,251700
2534,251700
2535,251700
2536,94000
2537,94000
2538,251700
2539,251700
2540,251700
2541,251700
2542,94000
2543,94000
2544,251700
2545,251700
2546,251700
2547,251700
2548,251700
2549,251700
2550,251700
2551,251700
2552,94000
2553,94000
2554,94000
2555,94000
2556,94000
2557,94000
2558,251700
2559,251700
2560,251700
2561,251700
2562,94000
2563,251700
2564,94000
2565,94000
2566,251700
2567,94000
2568,94000
2569,251700
2570,94000
2571,251700
2572,94000
2573,251700
2574,251700
2575,251700
2576,94000
2577,251700
2578,251700
2579,94000
2580,251700
2581,251700
2582,251700
2583,251700
2584,251700
2585,251700
2586,251700
2587,94000
2588,94000
2589,251700
2590,94000
2591,251700
2592,251700
2593,94000
2594,251700
2595,94000
2596,94000
2597,251700
2598,251700
2599,251700
2600,94000
2601,251700
2602,94000
2603,251700
2604,94000
2605,172850
2606,94000
2607,251700
2608,251700
2609,251700
2610,94000
2611,251700
2612,251700
2613,94000
2614,94000
2615,251700
2616,94000
2617,94000
2618,251700
2619,94000
2620,94000
2621,94000
2622,251700
2623,251700
2624,94000
2625,251700
2626,251700
2627,94000
2628,94000
2629,94000
2630,94000
2631,94000
2632,251700
2633,251700
2634,251700
2635,251700
2636,251700
2637,251700
2638,251700
2639,94000
2640,251700
2641,94000
2642,251700
2643,94000
2644,94000
2645,251700
2646,94000
2647,251700
2648,94000
2649,94000
2650,94000
2651,251700
2652,251700
2653,251700
2654,251700
2655,94000
2656,251700
2657,94000
2658,251700
2659,94000
2660,94000
2661,251700
2662,94000
2663,251700
2664,251700
2665,251700
2666,94000
2667,251700
2668,94000
2669,251700
2670,94000
2671,94000
2672,94000
2673,251700
2674,251700
2675,251700
2676,94000
2677,251700
2678,94000
2679,94000
2680,251700
2681,251700
2682,172850
2683,94000
2684,251700
2685,94000
2686,251700
2687,94000
2688,94000
2689,94000
2690,94000
2691,172850
2692,94000
2693,251700
2694,251700
2695,94000
2696,172850
2697,94000
2698,251700
2699,251700
2700,251700
2701,251700
2702,251700
2703,251700
2704,251700
2705,94000
2706,94000
2707,251700
2708,251700
2709,94000
2710,251700
2711,251700
2712,251700
2713,251700
2714,251700
2715,172850
2716,94000
2717,94000
2718,94000
2719,94000
2720,251700
2721,251700
2722,94000
2723,172850
2724,251700
2725,94000
2726,251700
2727,251700
2728,94000
2729,251700
2730,94000
2731,251700
2732,94000
2733,94000
2734,251700
2735,94000
2736,172850
2737,251700
2738,251700
2739,251700
2740,251700
2741,251700
2742,94000
2743,251700
2744,94000
2745,94000
2746,251700
2747,251700
2748,94000
2749,251700
2750,94000
2751,94000
2752,251700
2753,94000
2754,94000
2755,251700
2756,94000
2757,251700
2758,251700
2759,94000
2760,251700
2761,94000
2762,94000
2763,94000
2764,251700
2765,251700
2766,94000
2767,94000
2768,94000
2769,94000
2770,94000
2771,251700
2772,251700
2773,251700
2774,251700
2775,251700
2776,251700
2777,251700
2778,94000
2779,251700
2780,94000
2781,251700
2782,251700
2783,251700
2784,251700
2785,94000
2786,251700
2787,251700
2788,94000
2789,94000
2790,251700
2791,251700
2792,251700
2793,251700
2794,94000
2795,94000
2796,94000
2797,251700
2798,94000
2799,251700
2800,94000
2801,94000
2802,251700
2803,94000
2804,251700
2805,251700
2806,94000
2807,251700
2808,94000
2809,251700
2810,94000
2811,94000
2812,94000
2813,94000
2814,251700
2815,172850
2816,94000
2817,94000
2818,251700
2819,172850
2820,94000
2821,251700
2822,94000
2823,251700
2824,172850
2825,94000
2826,172850
2827,251700
2828,94000
2829,94000
2830,94000
2831,251700
2832,251700
2833,94000
2834,251700
2835,172850
2836,251700
2837,251700
2838,94000
2839,251700
2840,251700
2841,94000
2842,94000
2843,94000
2844,251700
2845,251700
2846,94000
2847,251700
2848,251700
2849,172850
2850,251700
2851,94000
2852,94000
2853,251700
2854,251700
2855,251700
2856,251700
2857,94000
2858,94000
2859,94000
2860,251700
2861,251700
2862,251700
2863,251700
2864,251700
2865,251700
2866,251700
2867,251700
2868,94000
2869,251700
2870,94000
2871,94000
2872,251700
2873,94000
2874,94000
2875,251700
2876,251700
2877,251700
2878,94000
2879,251700
2880,251700
2881,94000
2882,251700
2883,251700
2884,94000
2885,94000
2886,94000
2887,94000
2888,251700
2889,94000
2890,94000
2891,94000
2892,94000
2893,251700
2894,94000
2895,251700
2896,94000
2897,251700
2898,94000
2899,94000
2900,94000
2901,251700
2902,251700
2903,251700
2904,94000
2905,94000
2906,94000
2907,251700
2908,251700
2909,172850
2910,94000
2911,251700
2912,94000
2913,251700
2914,251700
2915,251700
2916,251700
2917,251700
2918,251700
2919,172850
2920,251700
2921,251700
2922,94000
2923,251700
2924,251700
2925,251700
2926,251700
2927,94000
2928,172850
2929,94000
2930,251700
2931,251700
2932,94000
2933,94000
2934,251700
2935,251700
2936,94000
2937,251700
2938,251700
2939,251700
2940,94000
2941,251700
2942,94000
2943,94000
2944,172850
2945,94000
2946,94000
2947,94000
2948,251700
2949,251700
2950,94000
2951,251700
2952,251700
2953,94000
2954,251700
2955,251700
2956,251700
2957,94000
2958,251700
2959,251700
2960,94000
2961,251700
2962,251700
2963,94000
2964,251700
2965,94000
2966,251700
2967,94000
2968,251700
2969,172850
2970,172850
2971,94000
2972,251700
2973,251700
2974,94000
2975,172850
2976,94000
2977,94000
2978,172850
2979,251700
2980,251700
2981,251700
2982,251700
2983,94000
2984,251700
2985,251700
2986,251700
2987,94000
2988,94000
2989,251700
2990,251700
2991,251700
2992,94000
2993,251700
2994,251700
2995,172850
2996,251700
2997,94000
2998,251700
2999,251700
3000,251700
3001,251700
3002,251700
3003,251700
3004,94000
3005,94000
3006,251700
3007,251700
3008,94000
3009,172850
3010,251700
3011,94000
3012,251700
3013,251700
3014,94000
3015,251700
3016,94000
3017,94000
3018,251700
3019,94000
3020,94000
3021,251700
3022,251700
3023,94000
3024,94000
3025,94000
3026,251700
3027,94000
3028,251700
3029,172850
3030,251700
3031,94000
3032,251700
3033,251700
3034,251700
3035,251700
3036,251700
3037,94000
3038,251700
3039,94000
3040,251700
3041,94000
3042,251700
3043,94000
3044,251700
3045,251700
3046,94000
3047,251700
3048,94000
3049,94000
3050,94000
3051,94000
3052,94000
3053,94000
3054,172850
3055,251700
3056,94000
3057,94000
3058,94000
3059,251700
3060,251700
3061,251700
3062,94000
3063,251700
3064,172850
3065,251700
3066,251700
3067,251700
3068,251700
3069,251700
3070,251700
3071,94000
3072,251700
3073,251700
3074,94000
3075,251700
3076,94000
3077,94000
3078,94000
3079,172850
3080,251700
3081,251700
3082,251700
3083,94000
3084,251700
3085,251700
3086,94000
3087,251700
3088,251700
3089,251700
3090,94000
3091,94000
3092,251700
3093,251700
3094,251700
3095,94000
3096,94000
3097,251700
3098,251700
3099,94000
3100,94000
3101,94000
3102,251700
3103,251700
3104,94000
3105,94000
3106,94000
3107,251700
3108,251700
3109,94000
3110,251700
3111,94000
3112,94000
3113,94000
3114,94000
3115,94000
3116,94000
3117,94000
3118,94000
3119,94000
3120,94000
3121,94000
3122,94000
3123,251700
3124,251700
3125,94000
3126,251700
3127,94000
3128,251700
3129,94000
3130,251700
3131,251700
3132,94000
3133,94000
3134,94000
3135,251700
3136,94000
3137,251700
3138,94000
3139,251700
3140,251700
3141,251700
3142,251700
3143,94000
3144,94000
3145,94000
3146,94000
3147,251700
3148,251700
3149,251700
3150,94000
3151,94000
3152,94000
3153,94000
3154,94000
3155,251700
3156,94000
3157,251700
3158,94000
3159,251700
3160,94000
3161,94000
3162,251700
3163,251700
3164,251700
3165,251700
3166,251700
3167,94000
3168,94000
3169,94000
3170,251700
3171,94000
3172,94000
3173,94000
3174,251700
3175,172850
3176,94000
3177,94000
3178,251700
3179,94000
3180,94000
3181,251700
3182,94000
3183,251700
3184,251700
3185,251700
3186,94000
3187,94000
3188,94000
3189,94000
3190,94000
3191,94000
3192,94000
3193,94000
3194,251700
3195,94000
3196,251700
3197,94000
3198,251700
3199,94000
3200,251700
3201,251700
3202,94000
3203,94000
3204,251700
3205,251700
3206,251700
3207,251700
3208,94000
3209,94000
3210,251700
3211,94000
3212,94000
3213,251700
3214,94000
3215,94000
3216,251700
3217,94000
3218,251700
3219,94000
3220,94000
3221,94000
3222,94000
3223,94000
3224,251700
3225,251700
3226,94000
3227,94000
3228,251700
3229,94000
3230,251700
3231,251700
3232,94000
3233,251700
3234,251700
3235,251700
3236,94000
3237,94000
3238,172850
3239,94000
3240,94000
3241,94000
3242,251700
3243,94000
3244,251700
3245,94000
3246,94000
3247,251700
3248,251700
3249,94000
3250,94000
3251,94000
3252,251700
3253,94000
3254,251700
3255,251700
3256,94000
3257,94000
3258,251700
3259,94000
3260,94000
3261,94000
3262,172850
3263,251700
3264,94000
3265,94000
3266,94000
3267,251700
3268,94000
3269,94000
3270,94000
3271,94000
3272,251700
3273,251700
3274,251700
3275,94000
3276,251700
3277,251700
3278,251700
3279,94000
3280,94000
3281,172850
3282,94000
3283,94000
3284,94000
3285,94000
3286,251700
3287,251700
3288,251700
3289,94000
3290,251700
3291,251700
3292,94000
3293,94000
3294,251700
3295,251700
3296,94000
3297,251700
3298,251700
3299,94000
3300,94000
3301,94000
3302,251700
3303,94000
3304,251700
3305,172850
3306,251700
3307,251700
3308,251700
3309,172850
3310,94000
3311,172850
3312,251700
3313,251700
3314,94000
3315,251700
3316,94000
3317,251700
3318,94000
3319,251700
3320,172850
3321,94000
3322,251700
3323,94000
3324,94000
3325,251700
3326,251700
3327,251700
3328,251700
3329,94000
3330,251700
3331,94000
3332,94000
3333,251700
3334,251700
3335,94000
3336,94000
3337,172850
3338,251700
3339,94000
3340,251700
3341,94000
3342,251700
3343,94000
3344,251700
3345,251700
3346,94000
3347,94000
3348,251700
3349,172850
3350,94000
3351,94000
3352,94000
3353,94000
3354,251700
3355,251700
3356,94000
3357,94000
3358,251700
3359,94000
3360,251700
3361,94000
3362,94000
3363,251700
3364,251700
3365,94000
3366,251700
3367,94000
3368,94000
3369,94000
3370,94000
3371,94000
3372,251700
3373,251700
3374,251700
3375,94000
3376,251700
3377,251700
3378,94000
3379,251700
3380,251700
3381,94000
3382,251700
3383,94000
3384,251700
3385,251700
3386,251700
3387,94000
3388,94000
3389,251700
3390,251700
3391,94000
3392,251700
3393,251700
3394,94000
3395,94000
3396,94000
3397,251700
3398,94000
3399,251700
3400,94000
3401,251700
3402,94000
3403,94000
3404,251700
3405,94000
3406,251700
3407,94000
3408,251700
3409,94000
3410,251700
3411,251700
3412,172850
3413,94000
3414,251700
3415,251700
3416,94000
3417,94000
3418,94000
3419,251700
3420,251700
3421,251700
3422,94000
3423,251700
3424,251700
3425,172850
3426,94000
3427,251700
3428,94000
3429,94000
3430,251700
3431,94000
3432,251700
3433,94000
3434,94000
3435,172850
3436,94000
3437,251700
3438,94000
3439,94000
3440,251700
3441,251700
3442,251700
3443,251700
3444,94000
3445,94000
3446,251700
3447,94000
3448,94000
3449,251700
3450,94000
3451,251700
3452,251700
3453,94000
3454,94000
3455,251700
3456,251700
3457,94000
3458,94000
3459,251700
3460,251700
3461,94000
3462,251700
3463,251700
3464,94000
3465,172850
3466,251700
3467,251700
3468,94000
3469,94000
3470,94000
3471,251700
3472,94000
3473,94000
3474,251700
3475,94000
3476,94000
3477,94000
3478,94000
3479,94000
3480,94000
3481,251700
3482,172850
3483,251700
3484,94000
3485,251700
3486,94000
3487,94000
3488,94000
3489,251700
3490,94000
3491,94000
3492,94000
3493,94000
3494,251700
3495,94000
3496,94000
3497,251700
3498,251700
3499,251700
3500,251700
3501,172850
3502,94000
3503,251700
3504,251700
3505,251700
3506,94000
3507,251700
3508,251700
3509,251700
3510,94000
3511,251700
3512,94000
3513,251700
3514,251700
3515,251700
3516,251700
3517,251700
3518,251700
3519,251700
3520,94000
3521,94000
3522,94000
3523,251700
3524,251700
3525,251700
3526,94000
3527,251700
3528,172850
3529,251700
3530,251700
3531,94000
3532,94000
3533,94000
3534,94000
3535,172850
3536,94000
3537,94000
3538,251700
3539,251700
3540,251700
3541,94000
3542,94000
3543,251700
3544,251700
3545,172850
3546,251700
3547,251700
3548,251700
3549,94000
3550,251700
3551,251700
3552,251700
3553,251700
3554,251700
3555,251700
3556,251700
3557,251700
3558,251700
3559,251700
3560,94000
3561,94000
3562,94000
3563,94000
3564,172850
3565,94000
3566,94000
3567,251700
3568,251700
3569,251700
3570,94000
3571,94000
3572,94000
3573,251700
3574,251700
3575,94000
3576,251700
3577,251700
3578,251700
3579,94000
3580,251700
3581,94000
3582,94000
3583,251700
3584,251700
3585,251700
3586,251700
3587,94000
3588,251700
3589,94000
3590,251700
3591,251700
3592,94000
3593,94000
3594,94000
3595,251700
3596,94000
3597,172850
3598,94000
3599,251700
3600,94000
3601,251700
3602,94000
3603,251700
3604,94000
3605,251700
3606,94000
3607,94000
3608,94000
3609,94000
3610,251700
3611,94000
3612,251700
3613,94000
3614,251700
3615,94000
3616,251700
3617,94000
3618,251700
3619,251700
3620,94000
3621,251700
3622,251700
3623,251700
3624,94000
3625,94000
3626,251700
3627,251700
3628,251700
3629,251700
3630,94000
3631,172850
3632,251700
3633,251700
3634,251700
3635,251700
3636,251700
3637,94000
3638,94000
3639,94000
3640,94000
3641,251700
3642,94000
3643,251700
3644,251700
3645,251700
3646,251700
3647,94000
3648,251700
3649,251700
3650,94000
3651,94000
3652,251700
3653,94000
3654,251700
3655,251700
3656,94000
3657,251700
3658,94000
3659,94000
3660,251700
3661,94000
3662,251700
3663,94000
3664,251700
3665,94000
3666,251700
3667,94000
3668,251700
3669,94000
3670,94000
3671,94000
3672,251700
3673,94000
3674,251700
3675,251700
3676,172850
3677,94000
3678,251700
3679,94000
3680,251700
3681,94000
3682,94000
3683,94000
3684,251700
3685,251700
3686,251700
3687,94000
3688,251700
3689,94000
3690,251700
3691,251700
3692,251700
3693,94000
3694,251700
3695,251700
3696,251700
3697,94000
3698,251700
3699,94000
3700,251700
3701,172850
3702,94000
3703,94000
3704,94000
3705,94000
3706,251700
3707,251700
3708,94000
3709,94000
3710,251700
3711,251700
3712,251700
3713,251700
3714,94000
3715,94000
3716,94000
3717,251700
3718,94000
3719,94000
3720,251700
3721,251700
3722,94000
3723,94000
3724,251700
3725,251700
3726,251700
3727,251700
3728,94000
3729,94000
3730,251700
3731,251700
3732,94000
3733,94000
3734,94000
3735,94000
3736,94000
3737,251700
3738,251700
3739,251700
3740,251700
3741,251700
3742,251700
3743,251700
3744,94000
3745,94000
3746,251700
3747,94000
3748,251700
3749,94000
3750,94000
3751,251700
3752,251700
3753,94000
3754,94000
3755,94000
3756,94000
3757,251700
3758,94000
3759,251700
3760,251700
3761,94000
3762,251700
3763,251700
3764,94000
3765,94000
3766,94000
3767,94000
3768,251700
3769,251700
3770,251700
3771,251700
3772,251700
3773,94000
3774,94000
3775,251700
3776,94000
3777,94000
3778,94000
3779,251700
3780,94000
3781,251700
3782,94000
3783,94000
3784,94000
3785,94000
3786,94000
3787,94000
3788,251700
3789,94000
3790,172850
3791,94000
3792,94000
3793,251700
3794,94000
3795,251700
3796,94000
3797,94000
3798,94000
3799,94000
3800,251700
3801,251700
3802,251700
3803,251700
3804,94000
3805,251700
3806,94000
3807,251700
3808,94000
3809,251700
3810,251700
3811,94000
3812,172850
3813,251700
3814,251700
3815,251700
3816,94000
3817,94000
3818,94000
3819,251700
3820,251700
3821,251700
3822,172850
3823,251700
3824,251700
3825,251700
3826,251700
3827,172850
3828,251700
3829,251700
3830,251700
3831,94000
3832,94000
3833,251700
3834,94000
3835,94000
3836,94000
3837,94000
3838,251700
3839,251700
3840,251700
3841,251700
3842,94000
3843,251700
3844,94000
3845,94000
3846,251700
3847,251700
3848,251700
3849,94000
3850,94000
3851,251700
3852,251700
3853,251700
3854,251700
3855,251700
3856,251700
3857,251700
3858,94000
3859,94000
3860,94000
3861,94000
3862,251700
3863,94000
3864,94000
3865,94000
3866,251700
3867,251700
3868,251700
3869,251700
3870,94000
3871,94000
3872,94000
3873,251700
3874,251700
3875,94000
3876,251700
3877,251700
3878,251700
3879,94000
3880,94000
3881,251700
3882,94000
3883,251700
3884,251700
3885,251700
3886,94000
3887,251700
3888,94000
3889,251700
3890,251700
3891,251700
3892,94000
3893,251700
3894,94000
3895,94000
3896,251700
3897,251700
3898,94000
3899,94000
3900,94000
3901,251700
3902,94000
3903,94000
3904,251700
3905,251700
3906,251700
3907,251700
3908,251700
3909,94000
3910,94000
3911,251700
3912,251700
3913,251700
3914,251700
3915,94000
3916,251700
3917,94000
3918,94000
3919,251700
3920,251700
3921,94000
3922,251700
3923,94000
3924,94000
3925,94000
3926,251700
3927,251700
3928,94000
3929,94000
3930,251700
3931,94000
3932,94000
3933,251700
3934,94000
3935,94000
3936,251700
3937,251700
3938,251700
3939,251700
3940,251700
3941,251700
3942,94000
3943,251700
3944,251700
3945,94000
3946,94000
3947,94000
3948,94000
3949,172850
3950,94000
3951,251700
3952,94000
3953,94000
3954,94000
3955,94000
3956,94000
3957,251700
3958,94000
3959,94000
3960,251700
3961,251700
3962,251700
3963,94000
3964,251700
3965,251700
3966,251700
3967,251700
3968,251700
3969,94000
3970,94000
3971,94000
3972,94000
3973,94000
3974,251700
3975,94000
3976,251700
3977,251700
3978,94000
3979,251700
3980,172850
3981,251700
3982,251700
3983,94000
3984,94000
3985,94000
3986,251700
3987,251700
3988,94000
3989,251700
3990,251700
3991,251700
3992,94000
3993,251700
3994,251700
3995,251700
3996,94000
3997,251700
3998,251700
3999,251700
4000,251700
4001,251700
4002,251700
4003,251700
4004,94000
4005,251700
4006,251700
4007,172850
4008,251700
4009,94000
4010,94000
4011,251700
4012,251700
4013,251700
4014,94000
4015,94000
4016,251700
4017,251700
4018,251700
4019,94000
4020,94000
4021,251700
4022,251700
4023,251700
4024,251700
4025,94000
4026,251700
4027,251700
4028,251700
4029,94000
4030,94000
4031,94000
4032,94000
4033,251700
4034,94000
4035,94000
4036,251700
4037,94000
4038,94000
4039,251700
4040,172850
4041,94000
4042,251700
4043,94000
4044,94000
4045,251700
4046,94000
4047,94000
4048,94000
4049,251700
4050,94000
4051,94000
4052,94000
4053,251700
4054,172850
4055,251700
4056,94000
4057,251700
4058,251700
4059,251700
4060,251700
4061,94000
4062,94000
4063,251700
4064,94000
4065,94000
4066,94000
4067,251700
4068,94000
4069,94000
4070,94000
4071,94000
4072,251700
4073,251700
4074,251700
4075,251700
4076,94000
4077,94000
4078,251700
4079,94000
4080,94000
4081,94000
4082,251700
4083,251700
4084,251700
4085,251700
4086,172850
4087,251700
4088,94000
4089,94000
4090,251700
4091,251700
4092,251700
4093,251700
4094,94000
4095,251700
4096,251700
4097,94000
4098,251700
4099,251700
4100,94000
4101,251700
4102,251700
4103,251700
4104,251700
4105,251700
4106,251700
4107,94000
4108,94000
4109,94000
4110,251700
4111,251700
4112,94000
4113,251700
4114,94000
4115,251700
4116,94000
4117,94000
4118,251700
4119,94000
4120,172850
4121,94000
4122,251700
4123,251700
4124,251700
4125,94000
4126,94000
4127,94000
4128,94000
4129,94000
4130,94000
4131,94000
4132,251700
4133,94000
4134,251700
4135,94000
4136,251700
4137,94000
4138,251700
4139,94000
4140,251700
4141,94000
4142,251700
4143,251700
4144,94000
4145,94000
4146,94000
4147,94000
4148,94000
4149,94000
4150,251700
4151,251700
4152,172850
4153,94000
4154,251700
4155,94000
4156,251700
4157,94000
4158,251700
4159,251700
4160,94000
4161,94000
4162,94000
4163,94000
4164,94000
4165,94000
4166,251700
4167,251700
4168,251700
4169,94000
4170,94000
4171,251700
4172,94000
4173,251700
4174,251700
4175,251700
4176,251700
4177,251700
4178,94000
4179,251700
4180,251700
4181,251700
4182,94000
4183,94000
4184,251700
4185,94000
4186,172850
4187,251700
4188,251700
4189,251700
4190,251700
4191,94000
4192,94000
4193,94000
4194,94000
4195,94000
4196,94000
4197,94000
4198,94000
4199,251700
4200,251700
4201,94000
4202,251700
4203,94000
4204,94000
4205,251700
4206,251700
4207,251700
4208,251700
4209,251700
4210,251700
4211,251700
4212,94000
4213,94000
4214,94000
4215,94000
4216,251700
4217,251700
4218,251700
4219,94000
4220,251700
4221,94000
4222,251700
4223,251700
4224,172850
4225,94000
4226,94000
4227,94000
4228,251700
4229,94000
4230,251700
4231,172850
4232,94000
4233,251700
4234,251700
4235,251700
4236,251700
4237,251700
4238,251700
4239,94000
4240,94000
4241,94000
4242,94000
4243,251700
4244,251700
4245,251700
4246,251700
4247,94000
4248,94000
4249,172850
4250,94000
4251,251700
4252,94000
4253,251700
4254,94000
4255,94000
4256,251700
4257,251700
4258,251700
4259,251700
4260,94000
4261,251700
4262,94000
4263,251700
4264,251700
4265,251700
4266,251700
4267,251700
4268,94000
4269,94000
4270,94000
4271,251700
4272,251700
4273,251700
4274,94000
4275,94000
4276,94000
4277,251700
4278,251700
4279,251700
4280,251700
4281,251700
4282,251700
4283,94000
4284,251700
4285,251700
4286,251700
4287,94000
4288,94000
4289,94000
4290,251700
4291,94000
4292,94000
4293,251700
4294,251700
4295,94000
4296,251700
4297,251700
4298,251700
4299,94000
4300,251700
4301,172850
4302,251700
4303,94000
4304,94000
4305,94000
4306,251700
4307,251700
4308,251700
4309,94000
4310,251700
4311,251700
4312,94000
4313,94000
4314,251700
4315,251700
4316,172850
4317,251700
4318,251700
4319,251700
4320,94000
4321,94000
4322,251700
4323,251700
4324,251700
4325,94000
4326,251700
4327,94000
4328,94000
4329,251700
4330,251700
4331,172850
4332,94000
4333,251700
4334,94000
4335,251700
4336,251700
4337,94000
4338,251700
4339,251700
4340,251700
4341,94000
4342,251700
4343,94000
4344,94000
4345,251700
4346,94000
4347,251700
4348,94000
4349,251700
4350,251700
4351,172850
4352,94000
4353,94000
4354,251700
4355,251700
4356,172850
4357,94000
4358,251700
4359,94000
4360,94000
4361,251700
4362,94000
4363,251700
4364,251700
4365,251700
4366,251700
4367,94000
4368,94000
4369,94000
4370,251700
4371,251700
4372,251700
4373,94000
4374,94000
4375,251700
4376,251700
4377,251700
4378,94000
4379,251700
4380,94000
4381,94000
4382,172850
4383,251700
4384,251700
4385,94000
4386,251700
4387,94000
4388,251700
4389,94000
4390,251700
4391,94000
4392,251700
4393,251700
4394,251700
4395,94000
4396,251700
4397,251700
4398,94000
4399,251700
4400,251700
4401,94000
4402,94000
4403,251700
4404,94000
4405,251700
4406,94000
4407,94000
4408,251700
4409,94000
4410,251700
4411,251700
4412,94000
4413,251700
4414,94000
4415,251700
4416,251700
4417,94000
4418,251700
4419,251700
4420,251700
4421,251700
4422,251700
4423,94000
4424,251700
4425,251700
4426,251700
4427,94000
4428,251700
4429,251700
4430,94000
4431,251700
4432,251700
4433,251700
4434,94000
4435,251700
4436,251700
4437,94000
4438,94000
4439,251700
4440,94000
4441,94000
4442,251700
4443,94000
4444,94000
4445,251700
4446,251700
4447,251700
4448,251700
4449,251700
4450,94000
4451,251700
4452,94000
4453,94000
4454,94000
4455,94000
4456,94000
4457,94000
4458,172850
4459,251700
4460,94000
4461,94000
4462,251700
4463,94000
4464,251700
4465,94000
4466,94000
4467,94000
4468,251700
4469,94000
4470,251700
4471,94000
4472,251700
4473,251700
4474,94000
4475,251700
4476,251700
4477,251700
4478,251700
4479,251700
4480,251700
4481,94000
4482,94000
4483,251700
4484,94000
4485,94000
4486,251700
4487,94000
4488,94000
4489,251700
4490,251700
4491,251700
4492,94000
4493,94000
4494,251700
4495,251700
4496,94000
4497,94000
4498,251700
4499,94000
4500,94000
4501,94000
4502,251700
4503,94000
4504,94000
4505,94000
4506,251700
4507,94000
4508,251700
4509,251700
4510,251700
4511,94000
4512,251700
4513,94000
4514,251700
4515,251700
4516,251700
4517,251700
4518,251700
4519,94000
4520,94000
4521,94000
4522,94000
4523,94000
4524,94000
4525,94000
4526,94000
4527,251700
4528,94000
4529,94000
4530,94000
4531,251700
4532,251700
4533,94000
4534,94000
4535,251700
4536,94000
4537,94000
4538,94000
4539,251700
4540,251700
4541,94000
4542,94000
4543,94000
4544,251700
4545,251700
4546,251700
4547,251700
4548,94000
4549,94000
4550,94000
4551,172850
4552,94000
4553,251700
4554,94000
4555,172850
4556,251700
4557,94000
4558,172850
4559,251700
4560,94000
4561,94000
4562,94000
4563,251700
4564,94000
4565,251700
4566,94000
4567,172850
4568,251700
4569,94000
4570,94000
4571,94000
4572,94000
4573,251700
4574,94000
4575,251700
4576,94000
4577,94000
4578,251700
4579,251700
4580,251700
4581,94000
4582,94000
4583,251700
4584,251700
4585,94000
4586,251700
4587,94000
4588,251700
4589,94000
4590,251700
4591,94000
4592,251700
4593,94000
4594,251700
4595,251700
4596,251700
4597,251700
4598,251700
4599,251700
4600,94000
4601,94000
4602,94000
4603,172850
4604,94000
4605,94000
4606,94000
4607,251700
4608,172850
4609,94000
4610,251700
4611,251700
4612,251700
4613,94000
4614,251700
4615,94000
4616,94000
4617,251700
4618,251700
4619,251700
4620,94000
4621,251700
4622,251700
4623,94000
4624,251700
4625,94000
4626,251700
4627,94000
4628,94000
4629,94000
4630,251700
4631,251700
4632,94000
4633,251700
4634,251700
4635,94000
4636,251700
4637,94000
4638,94000
4639,172850
4640,94000
4641,94000
4642,94000
4643,172850
4644,94000
4645,94000
4646,251700
4647,251700
4648,94000
4649,94000
4650,251700
4651,251700
4652,251700
4653,251700
4654,94000
4655,251700
4656,94000
4657,94000
4658,251700
4659,251700
4660,94000
4661,251700
4662,251700
4663,251700
4664,94000
4665,94000
4666,94000
4667,251700
4668,251700
4669,94000
4670,251700
4671,172850
4672,251700
4673,251700
4674,251700
4675,251700
4676,94000
4677,94000
4678,251700
4679,251700
4680,251700
4681,94000
4682,94000
4683,94000
4684,251700
4685,251700
4686,94000
4687,94000
4688,172850
4689,251700
4690,94000
4691,251700
4692,172850
4693,94000
4694,251700
4695,251700
4696,251700
4697,94000
4698,251700
4699,94000
4700,251700
4701,94000
4702,251700
4703,94000
4704,94000
4705,94000
4706,251700
4707,94000
4708,94000
4709,94000
4710,251700
4711,94000
4712,94000
4713,94000
4714,251700
4715,94000
4716,251700
4717,251700
4718,251700
4719,94000
4720,94000
4721,251700
4722,251700
4723,94000
4724,94000
4725,251700
4726,251700
4727,94000
4728,251700
4729,94000
4730,251700
4731,251700
4732,94000
4733,251700
4734,94000
4735,251700
4736,94000
4737,94000
4738,94000
4739,94000
4740,251700
4741,251700
4742,251700
4743,251700
4744,94000
4745,251700
4746,94000
4747,94000
4748,94000
4749,251700
4750,94000
4751,94000
4752,251700
4753,251700
4754,94000
4755,251700
4756,251700
4757,251700
4758,251700
4759,251700
4760,94000
4761,251700
4762,251700
4763,172850
4764,251700
4765,94000
4766,251700
4767,94000
4768,94000
4769,94000
4770,94000
4771,94000
4772,251700
4773,251700
4774,251700
4775,251700
4776,251700
4777,251700
4778,94000
4779,251700
4780,251700
4781,251700
4782,94000
4783,251700
4784,251700
4785,172850
4786,94000
4787,94000
4788,94000
4789,94000
4790,94000
4791,172850
4792,251700
4793,251700
4794,251700
4795,251700
4796,94000
4797,94000
4798,94000
4799,251700
4800,251700
4801,251700
4802,94000
4803,94000
4804,251700
4805,94000
4806,251700
4807,251700
4808,251700
4809,94000
4810,94000
4811,251700
4812,251700
4813,251700
4814,94000
4815,251700
4816,172850
4817,251700
4818,94000
4819,94000
4820,94000
4821,94000
4822,94000
4823,251700
4824,94000
4825,251700
4826,94000
4827,94000
4828,94000
4829,94000
4830,94000
4831,94000
4832,251700
4833,94000
4834,251700
4835,251700
4836,251700
4837,94000
4838,251700
4839,251700
4840,251700
4841,94000
4842,251700
4843,94000
4844,94000
4845,172850
4846,94000
4847,94000
4848,94000
4849,251700
4850,94000
4851,251700
4852,94000
4853,94000
4854,94000
4855,94000
4856,251700
4857,94000
4858,251700
4859,94000
4860,94000
4861,94000
4862,251700
4863,251700
4864,94000
4865,251700
4866,94000
4867,172850
4868,94000
4869,251700
4870,251700
4871,94000
4872,94000
4873,94000
4874,94000
4875,251700
4876,251700
4877,94000
4878,251700
4879,94000
4880,94000
4881,251700
4882,251700
4883,94000
4884,94000
4885,94000
4886,251700
4887,251700
4888,94000
4889,251700
4890,172850
4891,94000
4892,251700
4893,251700
4894,251700
4895,251700
4896,251700
4897,251700
4898,251700
4899,94000
4900,94000
4901,251700
4902,94000
4903,94000
4904,94000
4905,251700
4906,94000
4907,251700
4908,251700
4909,251700
4910,94000
4911,94000
4912,94000
4913,251700
4914,251700
4915,251700
4916,94000
4917,94000
4918,251700
4919,94000
4920,251700
4921,251700
4922,94000
4923,94000
4924,251700
4925,94000
4926,94000
4927,94000
4928,251700
4929,94000
4930,94000
4931,94000
4932,94000
4933,94000
4934,94000
4935,94000
4936,251700
4937,251700
4938,251700
4939,94000
4940,251700
4941,94000
4942,251700
4943,251700
4944,94000
4945,94000
4946,94000
4947,94000
4948,94000
4949,94000
4950,251700
4951,94000
4952,251700
4953,251700
4954,251700
4955,94000
4956,251700
4957,94000
4958,251700
4959,94000
4960,94000
4961,94000
4962,94000
4963,251700
4964,251700
4965,172850
4966,251700
4967,251700
4968,94000
4969,251700
4970,251700
4971,94000
4972,94000
4973,251700
4974,94000
4975,251700
4976,94000
4977,94000
4978,94000
4979,94000
4980,251700
4981,94000
4982,251700
4983,94000
4984,94000
4985,94000
4986,94000
4987,251700
4988,251700
4989,251700
4990,94000
4991,251700
4992,251700
4993,251700
4994,251700
4995,251700
4996,251700
4997,251700
4998,94000
4999,94000
5000,94000
