0,172850
1,94000
2,94000
3,251700
4,94000
5,94000
6,251700
7,251700
8,251700
9,251700
10,251700
11,94000
12,94000
13,251700
14,94000
15,251700
16,251700
17,94000
18,94000
19,251700
20,251700
21,251700
22,251700
23,251700
24,94000
25,94000
26,251700
27,251700
28,94000
29,251700
30,251700
31,251700
32,251700
33,94000
34,251700
35,94000
36,251700
37,251700
38,94000
39,251700
40,251700
41,251700
42,251700
43,251700
44,94000
45,251700
46,94000
47,251700
48,94000
49,94000
50,172850
51,94000
52,94000
53,251700
54,94000
55,94000
56,251700
57,94000
58,94000
59,94000
60,94000
61,251700
62,94000
63,251700
64,251700
65,94000
66,251700
67,94000
68,251700
69,251700
70,94000
71,251700
72,94000
73,251700
74,94000
75,251700
76,251700
77,251700
78,251700
79,94000
80,251700
81,251700
82,94000
83,251700
84,94000
85,251700
86,251700
87,94000
88,251700
89,94000
90,251700
91,172850
92,251700
93,94000
94,251700
95,94000
96,94000
97,94000
98,94000
99,251700
100,94000
101,251700
102,94000
103,251700
104,251700
105,251700
106,94000
107,251700
108,251700
109,251700
110,251700
111,94000
112,94000
113,251700
114,251700
115,251700
116,94000
117,94000
118,251700
119,251700
120,94000
121,94000
122,251700
123,251700
124,94000
125,251700
126,251700
127,251700
128,94000
129,94000
130,94000
131,94000
132,94000
133,251700
134,172850
135,251700
136,251700
137,94000
138,251700
139,94000
140,251700
141,251700
142,251700
143,94000
144,251700
145,94000
146,251700
147,94000
148,94000
149,94000
150,251700
151,172850
152,94000
153,94000
154,94000
155,251700
156,94000
157,251700
158,94000
159,251700
160,94000
161,94000
162,251700
163,94000
164,94000
165,94000
166,172850
167,251700
168,94000
169,251700
170,94000
171,94000
172,94000
173,251700
174,251700
175,251700
176,172850
177,94000
178,94000
179,94000
180,251700
181,94000
182,94000
183,251700
184,94000
185,251700
186,94000
187,251700
188,251700
189,251700
190,251700
191,251700
192,94000
193,251700
194,251700
195,251700
196,251700
197,251700
198,172850
199,251700
200,94000
201,94000
202,251700
203,251700
204,94000
205,94000
206,94000
207,94000
208,94000
209,94000
210,251700
211,251700
212,94000
213,251700
214,251700
215,251700
216,94000
217,251700
218,251700
219,94000
220,251700
221,251700
222,94000
223,94000
224,94000
225,94000
226,94000
227,94000
228,251700
229,94000
230,251700
231,94000
232,251700
233,94000
234,94000
235,94000
236,251700
237,94000
238,94000
239,94000
240,94000
241,251700
242,251700
243,251700
244,94000
245,94000
246,251700
247,94000
248,251700
249,94000
250,251700
251,172850
252,94000
253,94000
254,94000
255,251700
256,94000
257,251700
258,251700
259,251700
260,251700
261,172850
262,251700
263,94000
264,251700
265,172850
266,94000
267,94000
268,94000
269,251700
270,94000
271,94000
272,251700
273,251700
274,94000
275,94000
276,251700
277,251700
278,251700
279,251700
280,251700
281,251700
282,94000
283,94000
284,94000
285,251700
286,251700
287,94000
288,94000
289,251700
290,251700
291,172850
292,94000
293,251700
294,251700
295,251700
296,94000
297,251700
298,251700
299,251700
300,251700
301,251700
302,251700
303,94000
304,251700
305,251700
306,251700
307,251700
308,251700
309,94000
310,251700
311,94000
312,251700
313,94000
314,94000
315,94000
316,251700
317,94000
318,251700
319,251700
320,94000
321,94000
322,251700
323,251700
324,251700
325,172850
326,94000
327,94000
328,251700
329,251700
330,94000
331,251700
332,94000
333,94000
334,251700
335,251700
336,94000
337,94000
338,251700
339,251700
340,251700
341,251700
342,251700
343,251700
344,94000
345,251700
346,251700
347,94000
348,251700
349,251700
350,251700
351,251700
352,94000
353,251700
354,251700
355,251700
356,94000
357,251700
358,251700
359,251700
360,251700
361,251700
362,251700
363,94000
364,94000
365,251700
366,251700
367,94000
368,251700
369,94000
370,94000
371,251700
372,251700
373,94000
374,94000
375,251700
376,94000
377,251700
378,94000
379,251700
380,251700
381,251700
382,251700
383,94000
384,94000
385,94000
386,251700
387,251700
388,94000
389,251700
390,94000
391,94000
392,94000
393,94000
394,94000
395,94000
396,251700
397,94000
398,251700
399,94000
400,94000
401,94000
402,251700
403,251700
404,94000
405,251700
406,251700
407,251700
408,251700
409,251700
410,172850
411,251700
412,94000
413,251700
414,94000
415,251700
416,251700
417,251700
418,94000
419,94000
420,94000
421,251700
422,251700
423,251700
424,251700
425,251700
426,251700
427,94000
428,251700
429,94000
430,94000
431,251700
432,94000
433,251700
434,94000
435,251700
436,94000
437,94000
438,94000
439,251700
440,94000
441,94000
442,251700
443,94000
444,251700
445,94000
446,94000
447,94000
448,251700
449,251700
450,251700
451,251700
452,94000
453,251700
454,94000
455,251700
456,251700
457,251700
458,251700
459,251700
460,251700
461,251700
462,251700
463,94000
464,251700
465,94000
466,94000
467,251700
468,251700
469,251700
470,251700
471,251700
472,94000
473,94000
474,94000
475,251700
476,94000
477,251700
478,251700
479,251700
480,94000
481,94000
482,172850
483,94000
484,251700
485,94000
486,94000
487,172850
488,251700
489,94000
490,94000
491,251700
492,251700
493,94000
494,251700
495,251700
496,94000
497,251700
498,94000
499,251700
500,251700
501,94000
502,251700
503,94000
504,94000
505,94000
506,94000
507,251700
508,94000
509,94000
510,251700
511,251700
512,251700
513,94000
514,94000
515,251700
516,251700
517,251700
518,251700
519,94000
520,251700
521,94000
522,94000
523,94000
524,94000
525,94000
526,172850
527,94000
528,251700
529,94000
530,251700
531,251700
532,94000
533,251700
534,94000
535,172850
536,251700
537,251700
538,94000
539,251700
540,251700
541,94000
542,251700
543,94000
544,251700
545,251700
546,94000
547,94000
548,94000
549,94000
550,251700
551,251700
552,251700
553,251700
554,94000
555,94000
556,251700
557,94000
558,172850
559,94000
560,94000
561,251700
562,251700
563,251700
564,251700
565,251700
566,251700
567,94000
568,251700
569,251700
570,251700
571,94000
572,94000
573,94000
574,251700
575,251700
576,251700
577,251700
578,94000
579,251700
580,94000
581,94000
582,251700
583,251700
584,172850
585,251700
586,251700
587,251700
588,251700
589,94000
590,251700
591,172850
592,94000
593,94000
594,251700
595,251700
596,251700
597,251700
598,251700
599,251700
600,251700
601,172850
602,251700
603,251700
604,251700
605,94000
606,172850
607,251700
608,251700
609,251700
610,251700
611,251700
612,94000
613,94000
614,94000
615,251700
616,251700
617,94000
618,94000
619,251700
620,251700
621,251700
622,251700
623,94000
624,251700
625,94000
626,94000
627,94000
628,251700
629,94000
630,251700
631,94000
632,94000
633,251700
634,94000
635,251700
636,251700
637,172850
638,251700
639,251700
640,251700
641,251700
642,94000
643,94000
644,251700
645,94000
646,251700
647,94000
648,251700
649,251700
650,94000
651,94000
652,94000
653,251700
654,251700
655,94000
656,251700
657,251700
658,251700
659,172850
660,172850
661,251700
662,251700
663,94000
664,94000
665,94000
666,251700
667,251700
668,94000
669,94000
670,251700
671,94000
672,172850
673,251700
674,94000
675,251700
676,94000
677,172850
678,94000
679,251700
680,94000
681,251700
682,94000
683,251700
684,94000
685,94000
686,251700
687,94000
688,94000
689,94000
690,94000
691,251700
692,251700
693,94000
694,94000
695,251700
696,94000
697,94000
698,94000
699,94000
700,94000
701,94000
702,94000
703,94000
704,94000
705,251700
706,251700
707,251700
708,251700
709,251700
710,251700
711,251700
712,251700
713,251700
714,251700
715,94000
716,94000
717,251700
718,251700
719,251700
720,94000
721,251700
722,251700
723,251700
724,94000
725,251700
726,251700
727,94000
728,251700
729,251700
730,251700
731,251700
732,251700
733,94000
734,94000
735,94000
736,251700
737,251700
738,94000
739,94000
740,251700
741,172850
742,251700
743,251700
744,251700
745,94000
746,251700
747,94000
748,251700
749,94000
750,251700
751,251700
752,94000
753,94000
754,251700
755,251700
756,251700
757,94000
758,251700
759,251700
760,251700
761,251700
762,172850
763,94000
764,172850
765,251700
766,94000
767,251700
768,251700
769,251700
770,94000
771,94000
772,94000
773,251700
774,251700
775,94000
776,94000
777,172850
778,94000
779,94000
780,251700
781,94000
782,251700
783,94000
784,94000
785,94000
786,94000
787,94000
788,94000
789,251700
790,94000
791,94000
792,251700
793,94000
794,94000
795,94000
796,251700
797,94000
798,94000
799,94000
800,251700
801,251700
802,94000
803,251700
804,94000
805,94000
806,94000
807,94000
808,251700
809,251700
810,251700
811,94000
812,251700
813,94000
814,94000
815,94000
816,94000
817,94000
818,251700
819,251700
820,94000
821,94000
822,94000
823,172850
824,251700
825,251700
826,251700
827,251700
828,94000
829,94000
830,94000
831,94000
832,94000
833,251700
834,251700
835,251700
836,94000
837,94000
838,251700
839,94000
840,94000
841,94000
842,94000
843,251700
844,94000
845,94000
846,94000
847,251700
848,251700
849,94000
850,94000
851,251700
852,172850
853,251700
854,251700
855,251700
856,251700
857,251700
858,94000
859,251700
860,251700
861,251700
862,251700
863,94000
864,94000
865,94000
866,251700
867,251700
868,251700
869,94000
870,94000
871,251700
872,251700
873,251700
874,251700
875,251700
876,94000
877,94000
878,94000
879,94000
880,94000
881,251700
882,94000
883,251700
884,251700
885,251700
886,94000
887,251700
888,94000
889,251700
890,94000
891,251700
892,94000
893,94000
894,251700
895,94000
896,94000
897,94000
898,251700
899,94000
900,251700
901,251700
902,251700
903,94000
904,94000
905,94000
906,251700
907,94000
908,94000
909,94000
910,251700
911,172850
912,94000
913,94000
914,94000
915,251700
916,251700
917,94000
918,251700
919,251700
920,94000
921,94000
922,94000
923,94000
924,94000
925,94000
926,94000
927,172850
928,251700
929,251700
930,251700
931,172850
932,94000
933,94000
934,94000
935,94000
936,251700
937,94000
938,251700
939,94000
940,251700
941,94000
942,251700
943,94000
944,251700
945,251700
946,94000
947,94000
948,94000
949,172850
950,94000
951,94000
952,94000
953,94000
954,94000
955,251700
956,172850
957,251700
958,94000
959,251700
960,251700
961,94000
962,94000
963,94000
964,94000
965,251700
966,94000
967,251700
968,94000
969,94000
970,94000
971,94000
972,251700
973,251700
974,94000
975,251700
976,94000
977,94000
978,251700
979,94000
980,94000
981,172850
982,251700
983,251700
984,172850
985,251700
986,251700
987,251700
988,251700
989,251700
990,251700
991,94000
992,94000
993,94000
994,251700
995,251700
996,251700
997,94000
998,94000
999,94000
1000,94000
1001,251700
1002,251700
1003,251700
1004,94000
1005,251700
1006,251700
1007,251700
1008,94000
1009,94000
1010,94000
1011,172850
1012,172850
1013,94000
1014,94000
1015,251700
1016,251700
1017,94000
1018,94000
1019,94000
1020,172850
1021,94000
1022,94000
1023,94000
1024,94000
1025,251700
1026,251700
1027,251700
1028,251700
1029,94000
1030,251700
1031,251700
1032,251700
1033,251700
1034,94000
1035,94000
1036,251700
1037,251700
1038,94000
1039,251700
1040,251700
1041,251700
1042,94000
1043,251700
1044,172850
1045,94000
1046,251700
1047,251700
1048,94000
1049,251700
1050,94000
1051,251700
1052,94000
1053,94000
1054,251700
1055,94000
1056,251700
1057,94000
1058,94000
1059,94000
1060,94000
1061,94000
1062,94000
1063,251700
1064,94000
1065,94000
1066,251700
1067,251700
1068,94000
1069,94000
1070,251700
1071,94000
1072,94000
1073,251700
1074,94000
1075,94000
1076,94000
1077,94000
1078,94000
1079,94000
1080,94000
1081,251700
1082,251700
1083,94000
1084,251700
1085,251700
1086,251700
1087,251700
1088,94000
1089,251700
1090,251700
1091,94000
1092,94000
1093,94000
1094,251700
1095,94000
1096,251700
1097,94000
1098,251700
1099,94000
1100,172850
1101,94000
1102,94000
1103,251700
1104,94000
1105,94000
1106,251700
1107,172850
1108,94000
1109,251700
1110,251700
1111,94000
1112,251700
1113,94000
1114,94000
1115,251700
1116,94000
1117,251700
1118,251700
1119,94000
1120,94000
1121,251700
1122,94000
1123,94000
1124,251700
1125,251700
1126,172850
1127,251700
1128,251700
1129,251700
1130,251700
1131,251700
1132,251700
1133,94000
1134,94000
1135,94000
1136,251700
1137,94000
1138,172850
1139,94000
1140,94000
1141,94000
1142,251700
1143,251700
1144,251700
1145,251700
1146,94000
1147,94000
1148,94000
1149,94000
1150,251700
1151,94000
1152,251700
1153,251700
1154,94000
1155,172850
1156,251700
1157,94000
1158,251700
1159,94000
1160,94000
1161,94000
1162,94000
1163,94000
1164,94000
1165,251700
1166,94000
1167,94000
1168,94000
1169,94000
1170,251700
1171,251700
1172,94000
1173,251700
1174,251700
1175,94000
1176,251700
1177,94000
1178,94000
1179,94000
1180,251700
1181,94000
1182,94000
1183,94000
1184,94000
1185,94000
1186,251700
1187,94000
1188,172850
1189,251700
1190,251700
1191,172850
1192,94000
1193,94000
1194,94000
1195,251700
1196,251700
1197,94000
1198,94000
1199,251700
1200,94000
1201,94000
1202,251700
1203,251700
1204,94000
1205,251700
1206,251700
1207,251700
1208,172850
1209,251700
1210,94000
1211,251700
1212,94000
1213,251700
1214,94000
1215,251700
1216,94000
1217,94000
1218,251700
1219,94000
1220,251700
1221,251700
1222,251700
1223,94000
1224,94000
1225,251700
1226,94000
1227,94000
1228,251700
1229,94000
1230,94000
1231,251700
1232,94000
1233,251700
1234,94000
1235,94000
1236,94000
1237,251700
1238,251700
1239,94000
1240,251700
1241,94000
1242,251700
1243,94000
1244,94000
1245,251700
1246,251700
1247,94000
1248,251700
1249,251700
1250,94000
1251,251700
1252,251700
1253,251700
1254,94000
1255,94000
1256,251700
1257,251700
1258,94000
1259,172850
1260,94000
1261,251700
1262,94000
1263,251700
1264,94000
1265,94000
1266,251700
1267,251700
1268,94000
1269,94000
1270,251700
1271,251700
1272,251700
1273,172850
1274,251700
1275,251700
1276,251700
1277,94000
1278,251700
1279,94000
1280,251700
1281,94000
1282,251700
1283,251700
1284,251700
1285,251700
1286,251700
1287,251700
1288,94000
1289,94000
1290,94000
1291,251700
1292,251700
1293,94000
1294,94000
1295,172850
1296,94000
1297,94000
1298,94000
1299,251700
1300,94000
1301,94000
1302,251700
1303,251700
1304,94000
1305,251700
1306,94000
1307,94000
1308,94000
1309,251700
1310,251700
1311,251700
1312,251700
1313,94000
1314,251700
1315,251700
1316,94000
1317,251700
1318,251700
1319,251700
1320,251700
1321,251700
1322,251700
1323,251700
1324,251700
1325,251700
1326,94000
1327,94000
1328,94000
1329,251700
1330,251700
1331,94000
1332,94000
1333,251700
1334,251700
1335,94000
1336,251700
1337,94000
1338,251700
1339,94000
1340,251700
1341,94000
1342,94000
1343,94000
1344,94000
1345,94000
1346,94000
1347,251700
1348,94000
1349,94000
1350,94000
1351,251700
1352,94000
1353,251700
1354,94000
1355,94000
1356,251700
1357,251700
1358,94000
1359,251700
1360,94000
1361,94000
1362,94000
1363,251700
1364,251700
1365,251700
1366,251700
1367,94000
1368,94000
1369,94000
1370,94000
1371,94000
1372,251700
1373,94000
1374,94000
1375,94000
1376,251700
1377,251700
1378,251700
1379,251700
1380,94000
1381,251700
1382,94000
1383,251700
1384,251700
1385,251700
1386,94000
1387,251700
1388,251700
1389,94000
1390,94000
1391,94000
1392,94000
1393,251700
1394,94000
1395,94000
1396,251700
1397,94000
1398,94000
1399,251700
1400,94000
1401,251700
1402,94000
1403,172850
1404,94000
1405,94000
1406,94000
1407,251700
1408,94000
1409,251700
1410,251700
1411,94000
1412,251700
1413,251700
1414,94000
1415,94000
1416,94000
1417,94000
1418,94000
1419,94000
1420,94000
1421,251700
1422,94000
1423,251700
1424,94000
1425,251700
1426,251700
1427,94000
1428,94000
1429,94000
1430,94000
1431,94000
1432,251700
1433,251700
1434,251700
1435,251700
1436,251700
1437,251700
1438,251700
1439,251700
1440,94000
1441,94000
1442,251700
1443,94000
1444,94000
1445,251700
1446,251700
1447,94000
1448,94000
1449,94000
1450,94000
1451,94000
1452,94000
1453,94000
1454,94000
1455,94000
1456,94000
1457,94000
1458,251700
1459,94000
1460,251700
1461,251700
1462,251700
1463,94000
1464,94000
1465,94000
1466,251700
1467,94000
1468,94000
1469,251700
1470,94000
1471,94000
1472,251700
1473,251700
1474,251700
1475,172850
1476,251700
1477,94000
1478,94000
1479,251700
1480,251700
1481,251700
1482,94000
1483,94000
1484,251700
1485,251700
1486,94000
1487,94000
1488,172850
1489,94000
1490,94000
1491,251700
1492,251700
1493,94000
1494,94000
1495,251700
1496,94000
1497,94000
1498,94000
1499,94000
1500,94000
1501,94000
1502,94000
1503,94000
1504,94000
1505,94000
1506,251700
1507,251700
1508,94000
1509,172850
1510,94000
1511,251700
1512,94000
1513,251700
1514,251700
1515,251700
1516,94000
1517,94000
1518,251700
1519,94000
1520,251700
1521,94000
1522,94000
1523,251700
1524,251700
1525,251700
1526,251700
1527,251700
1528,94000
1529,251700
1530,251700
1531,94000
1532,94000
1533,251700
1534,172850
1535,94000
1536,94000
1537,251700
1538,94000
1539,251700
1540,251700
1541,251700
1542,251700
1543,251700
1544,94000
1545,251700
1546,94000
1547,172850
1548,94000
1549,251700
1550,94000
1551,251700
1552,172850
1553,251700
1554,251700
1555,94000
1556,251700
1557,251700
1558,172850
1559,251700
1560,94000
1561,94000
1562,94000
1563,251700
1564,251700
1565,251700
1566,251700
1567,251700
1568,251700
1569,94000
1570,94000
1571,172850
1572,94000
1573,94000
1574,94000
1575,94000
1576,94000
1577,94000
1578,251700
1579,94000
1580,251700
1581,94000
1582,94000
1583,94000
1584,251700
1585,251700
1586,94000
1587,94000
1588,251700
1589,94000
1590,251700
1591,94000
1592,94000
1593,94000
1594,251700
1595,251700
1596,94000
1597,251700
1598,94000
1599,94000
1600,94000
1601,251700
1602,251700
1603,94000
1604,251700
1605,94000
1606,94000
1607,94000
1608,94000
1609,94000
1610,94000
1611,172850
1612,251700
1613,251700
1614,94000
1615,94000
1616,251700
1617,94000
1618,251700
1619,172850
1620,251700
1621,251700
1622,172850
1623,94000
1624,251700
1625,251700
1626,94000
1627,251700
1628,251700
1629,251700
1630,94000
1631,251700
1632,94000
1633,251700
1634,94000
1635,94000
1636,251700
1637,94000
1638,94000
1639,251700
1640,251700
1641,251700
1642,172850
1643,251700
1644,251700
1645,251700
1646,94000
1647,251700
1648,251700
1649,251700
1650,251700
1651,94000
1652,94000
1653,251700
1654,94000
1655,251700
1656,251700
1657,251700
1658,251700
1659,251700
1660,94000
1661,172850
1662,251700
1663,251700
1664,172850
1665,94000
1666,172850
1667,94000
1668,251700
1669,94000
1670,251700
1671,251700
1672,94000
1673,251700
1674,94000
1675,251700
1676,94000
1677,94000
1678,94000
1679,94000
1680,94000
1681,94000
1682,251700
1683,94000
1684,94000
1685,251700
1686,251700
1687,94000
1688,251700
1689,94000
1690,251700
1691,94000
1692,251700
1693,94000
1694,94000
1695,94000
1696,251700
1697,251700
1698,251700
1699,172850
1700,251700
1701,94000
1702,94000
1703,94000
1704,251700
1705,251700
1706,251700
1707,94000
1708,94000
1709,251700
1710,94000
1711,94000
1712,251700
1713,251700
1714,251700
1715,251700
1716,251700
1717,94000
1718,94000
1719,172850
1720,251700
1721,94000
1722,251700
1723,251700
1724,251700
1725,94000
1726,94000
1727,94000
1728,251700
1729,251700
1730,251700
1731,94000
1732,251700
1733,251700
1734,94000
1735,94000
1736,251700
1737,94000
1738,94000
1739,94000
1740,251700
1741,94000
1742,94000
1743,94000
1744,251700
1745,172850
1746,251700
1747,94000
1748,251700
1749,94000
1750,251700
1751,251700
1752,251700
1753,94000
1754,251700
1755,251700
1756,94000
1757,251700
1758,94000
1759,94000
1760,251700
1761,94000
1762,94000
1763,94000
1764,94000
1765,94000
1766,251700
1767,251700
1768,94000
1769,251700
1770,251700
1771,94000
1772,94000
1773,251700
1774,251700
1775,251700
1776,94000
1777,251700
1778,94000
1779,251700
1780,251700
1781,251700
1782,94000
1783,251700
1784,251700
1785,251700
1786,94000
1787,251700
1788,251700
1789,251700
1790,94000
1791,251700
1792,94000
1793,94000
1794,94000
1795,94000
1796,94000
1797,94000
1798,94000
1799,94000
1800,94000
1801,251700
1802,94000
1803,94000
1804,94000
1805,251700
1806,251700
1807,251700
1808,94000
1809,94000
1810,251700
1811,94000
1812,251700
1813,94000
1814,94000
1815,251700
1816,94000
1817,94000
1818,94000
1819,251700
1820,94000
1821,251700
1822,94000
1823,94000
1824,94000
1825,94000
1826,94000
1827,94000
1828,94000
1829,251700
1830,94000
1831,94000
1832,94000
1833,251700
1834,94000
1835,251700
1836,94000
1837,251700
1838,251700
1839,94000
1840,251700
1841,251700
1842,172850
1843,251700
1844,94000
1845,251700
1846,94000
1847,251700
1848,251700
1849,251700
1850,94000
1851,94000
1852,94000
1853,94000
1854,172850
1855,94000
1856,94000
1857,94000
1858,94000
1859,94000
1860,94000
1861,94000
1862,94000
1863,251700
1864,94000
1865,94000
1866,94000
1867,251700
1868,251700
1869,94000
1870,94000
1871,251700
1872,94000
1873,251700
1874,251700
1875,251700
1876,94000
1877,94000
1878,251700
1879,94000
1880,251700
1881,94000
1882,94000
1883,251700
1884,94000
1885,94000
1886,94000
1887,94000
1888,94000
1889,94000
1890,94000
1891,251700
1892,251700
1893,251700
1894,251700
1895,251700
1896,94000
1897,94000
1898,251700
1899,94000
1900,94000
1901,251700
1902,251700
1903,251700
1904,94000
1905,94000
1906,94000
1907,251700
1908,94000
1909,251700
1910,94000
1911,251700
1912,251700
1913,94000
1914,251700
1915,251700
1916,94000
1917,251700
1918,251700
1919,251700
1920,94000
1921,94000
1922,94000
1923,251700
1924,251700
1925,251700
1926,251700
1927,251700
1928,251700
1929,251700
1930,94000
1931,251700
1932,94000
1933,172850
1934,251700
1935,251700
1936,251700
1937,251700
1938,94000
1939,94000
1940,94000
1941,94000
1942,94000
1943,251700
1944,94000
1945,94000
1946,94000
1947,251700
1948,251700
1949,251700
1950,251700
1951,94000
1952,251700
1953,94000
1954,94000
1955,251700
1956,94000
1957,94000
1958,94000
1959,94000
1960,251700
1961,94000
1962,94000
1963,94000
1964,94000
1965,251700
1966,94000
1967,251700
1968,251700
1969,251700
1970,94000
1971,94000
1972,94000
1973,251700
1974,94000
1975,251700
1976,94000
1977,251700
1978,94000
1979,94000
1980,94000
1981,251700
1982,94000
1983,94000
1984,94000
1985,94000
1986,94000
1987,94000
1988,94000
1989,251700
1990,172850
1991,94000
1992,251700
1993,94000
1994,94000
1995,94000
1996,251700
1997,251700
1998,251700
1999,251700
2000,251700
2001,251700
2002,94000
2003,94000
2004,94000
2005,251700
2006,251700
2007,251700
2008,251700
2009,94000
2010,251700
2011,94000
2012,251700
2013,94000
2014,94000
2015,251700
2016,94000
2017,94000
2018,94000
2019,251700
2020,251700
2021,251700
2022,251700
2023,94000
2024,251700
2025,251700
2026,251700
2027,94000
2028,94000
2029,251700
2030,251700
2031,94000
2032,251700
2033,94000
2034,251700
2035,251700
2036,94000
2037,251700
2038,94000
2039,251700
2040,251700
2041,251700
2042,94000
2043,251700
2044,94000
2045,94000
2046,251700
2047,251700
2048,94000
2049,94000
2050,94000
2051,251700
2052,94000
2053,251700
2054,251700
2055,94000
2056,251700
2057,94000
2058,251700
2059,251700
2060,251700
2061,251700
2062,251700
2063,251700
2064,94000
2065,94000
2066,251700
2067,251700
2068,251700
2069,251700
2070,172850
2071,251700
2072,251700
2073,94000
2074,251700
2075,94000
2076,94000
2077,94000
2078,172850
2079,94000
2080,94000
2081,172850
2082,251700
2083,251700
2084,251700
2085,94000
2086,94000
2087,251700
2088,251700
2089,94000
2090,251700
2091,94000
2092,94000
2093,251700
2094,251700
2095,94000
2096,251700
2097,94000
2098,94000
2099,94000
2100,251700
2101,94000
2102,94000
2103,94000
2104,94000
2105,251700
2106,251700
2107,94000
2108,251700
2109,251700
2110,94000
2111,251700
2112,251700
2113,94000
2114,94000
2115,251700
2116,94000
2117,251700
2118,251700
2119,251700
2120,251700
2121,94000
2122,94000
2123,94000
2124,172850
2125,251700
2126,251700
2127,251700
2128,94000
2129,94000
2130,251700
2131,94000
2132,251700
2133,94000
2134,251700
2135,251700
2136,251700
2137,94000
2138,251700
2139,172850
2140,251700
2141,94000
2142,94000
2143,251700
2144,251700
2145,251700
2146,251700
2147,251700
2148,251700
2149,251700
2150,94000
2151,94000
2152,251700
2153,251700
2154,251700
2155,94000
2156,172850
2157,251700
2158,94000
2159,251700
2160,251700
2161,94000
2162,94000
2163,251700
2164,94000
2165,251700
2166,251700
2167,94000
2168,251700
2169,251700
2170,94000
2171,94000
2172,251700
2173,251700
2174,251700
2175,94000
2176,251700
2177,94000
2178,94000
2179,251700
2180,94000
2181,94000
2182,94000
2183,94000
2184,251700
2185,251700
2186,94000
2187,94000
2188,94000
2189,94000
2190,94000
2191,94000
2192,94000
2193,94000
2194,251700
2195,251700
2196,251700
2197,251700
2198,94000
2199,94000
2200,251700
2201,251700
2202,251700
2203,251700
2204,94000
2205,94000
2206,94000
2207,94000
2208,94000
2209,251700
2210,94000
2211,94000
2212,251700
2213,94000
2214,251700
2215,94000
2216,251700
2217,251700
2218,251700
2219,94000
2220,94000
2221,172850
2222,94000
2223,94000
2224,251700
2225,94000
2226,94000
2227,251700
2228,251700
2229,94000
2230,251700
2231,251700
2232,251700
2233,94000
2234,94000
2235,94000
2236,251700
2237,251700
2238,251700
2239,94000
2240,251700
2241,94000
2242,94000
2243,251700
2244,251700
2245,94000
2246,94000
2247,94000
2248,94000
2249,251700
2250,172850
2251,94000
2252,172850
2253,251700
2254,251700
2255,94000
2256,94000
2257,94000
2258,94000
2259,251700
2260,172850
2261,94000
2262,94000
2263,251700
2264,251700
2265,251700
2266,94000
2267,251700
2268,251700
2269,94000
2270,251700
2271,94000
2272,251700
2273,251700
2274,251700
2275,251700
2276,251700
2277,94000
2278,251700
2279,251700
2280,94000
2281,172850
2282,251700
2283,94000
2284,94000
2285,94000
2286,94000
2287,94000
2288,251700
2289,251700
2290,251700
2291,251700
2292,94000
2293,251700
2294,251700
2295,251700
2296,94000
2297,251700
2298,251700
2299,251700
2300,251700
2301,251700
2302,251700
2303,251700
2304,172850
2305,251700
2306,251700
2307,94000
2308,251700
2309,94000
2310,251700
2311,94000
2312,94000
2313,251700
2314,251700
2315,251700
2316,94000
2317,251700
2318,94000
2319,251700
2320,251700
2321,94000
2322,251700
2323,251700
2324,94000
2325,94000
2326,251700
2327,172850
2328,251700
2329,94000
2330,251700
2331,94000
2332,94000
2333,251700
2334,94000
2335,172850
2336,94000
2337,94000
2338,94000
2339,94000
2340,94000
2341,94000
2342,251700
2343,94000
2344,251700
2345,251700
2346,94000
2347,94000
2348,94000
2349,251700
2350,94000
2351,94000
2352,94000
2353,94000
2354,94000
2355,251700
2356,94000
2357,251700
2358,251700
2359,94000
2360,251700
2361,94000
2362,94000
2363,251700
2364,251700
2365,251700
2366,94000
2367,251700
2368,251700
2369,251700
2370,94000
2371,94000
2372,94000
2373,94000
2374,94000
2375,94000
2376,251700
2377,94000
2378,251700
2379,251700
2380,94000
2381,94000
2382,94000
2383,251700
2384,94000
2385,251700
2386,94000
2387,94000
2388,251700
2389,251700
2390,251700
2391,251700
2392,94000
2393,94000
2394,251700
2395,172850
2396,251700
2397,94000
2398,94000
2399,94000
2400,94000
2401,94000
2402,94000
2403,251700
2404,94000
2405,251700
2406,251700
2407,94000
2408,94000
2409,251700
2410,94000
2411,94000
2412,94000
2413,172850
2414,94000
2415,251700
2416,94000
2417,94000
2418,172850
2419,251700
2420,251700
2421,251700
2422,94000
2423,251700
2424,251700
2425,251700
2426,94000
2427,251700
2428,94000
2429,172850
2430,94000
2431,94000
2432,94000
2433,251700
2434,94000
2435,94000
2436,94000
2437,251700
2438,94000
2439,251700
2440,94000
2441,94000
2442,251700
2443,172850
2444,251700
2445,94000
2446,94000
2447,94000
2448,251700
2449,251700
2450,94000
2451,94000
2452,94000
2453,251700
2454,251700
2455,251700
2456,94000
2457,251700
2458,94000
2459,94000
2460,94000
2461,94000
2462,251700
2463,94000
2464,94000
2465,251700
2466,94000
2467,94000
2468,251700
2469,94000
2470,251700
2471,251700
2472,94000
2473,251700
2474,94000
2475,94000
2476,251700
2477,251700
2478,94000
2479,94000
2480,251700
2481,172850
2482,251700
2483,94000
2484,94000
2485,172850
2486,94000
2487,94000
2488,94000
2489,94000
2490,251700
2491,94000
2492,251700
2493,94000
2494,94000
2495,94000
2496,94000
2497,251700
2498,251700
2499,94000
2500,251700
2501,94000
2502,94000
2503,251700
2504,251700
2505,94000
2506,172850
2507,94000
2508,251700
2509,251700
2510,251700
2511,251700
2512,94000
2513,94000
2514,251700
2515,94000
2516,94000
2517,251700
2518,251700
2519,251700
2520,94000
2521,251700
2522,94000
2523,251700
2524,94000
2525,251700
2526,94000
2527,94000
2528,251700
2529,251700
2530,94000
2531,251700
2532,94000
2533,94000
2534,251700
2535,251700
2536,251700
2537,94000
2538,251700
2539,251700
2540,251700
2541,251700
2542,172850
2543,94000
2544,251700
2545,94000
2546,251700
2547,251700
2548,251700
2549,94000
2550,251700
2551,94000
2552,94000
2553,94000
2554,251700
2555,94000
2556,94000
2557,251700
2558,251700
2559,251700
2560,251700
2561,94000
2562,94000
2563,251700
2564,251700
2565,251700
2566,251700
2567,94000
2568,251700
2569,94000
2570,251700
2571,251700
2572,251700
2573,251700
2574,251700
2575,251700
2576,251700
2577,172850
2578,94000
2579,94000
2580,251700
2581,251700
2582,251700
2583,251700
2584,251700
2585,251700
2586,94000
2587,94000
2588,94000
2589,251700
2590,94000
2591,94000
2592,251700
2593,94000
2594,251700
2595,94000
2596,94000
2597,94000
2598,94000
2599,94000
2600,251700
2601,251700
2602,172850
2603,94000
2604,94000
2605,94000
2606,251700
2607,172850
2608,94000
2609,94000
2610,251700
2611,94000
2612,251700
2613,94000
2614,94000
2615,94000
2616,251700
2617,94000
2618,94000
2619,172850
2620,251700
2621,251700
2622,94000
2623,94000
2624,251700
2625,251700
2626,94000
2627,251700
2628,94000
2629,94000
2630,251700
2631,251700
2632,94000
2633,94000
2634,94000
2635,251700
2636,94000
2637,251700
2638,251700
2639,251700
2640,94000
2641,251700
2642,94000
2643,94000
2644,94000
2645,94000
2646,251700
2647,251700
2648,94000
2649,94000
2650,251700
2651,94000
2652,251700
2653,251700
2654,94000
2655,251700
2656,251700
2657,94000
2658,94000
2659,251700
2660,251700
2661,94000
2662,94000
2663,251700
2664,251700
2665,251700
2666,251700
2667,94000
2668,94000
2669,251700
2670,94000
2671,94000
2672,94000
2673,94000
2674,94000
2675,251700
2676,94000
2677,94000
2678,251700
2679,251700
2680,94000
2681,251700
2682,94000
2683,251700
2684,251700
2685,251700
2686,94000
2687,251700
2688,251700
2689,94000
2690,94000
2691,251700
2692,251700
2693,251700
2694,251700
2695,251700
2696,94000
2697,94000
2698,251700
2699,94000
2700,251700
2701,251700
2702,94000
2703,94000
2704,94000
2705,94000
2706,251700
2707,94000
2708,251700
2709,251700
2710,94000
2711,94000
2712,251700
2713,251700
2714,251700
2715,251700
2716,251700
2717,251700
2718,94000
2719,251700
2720,251700
2721,94000
2722,251700
2723,94000
2724,251700
2725,251700
2726,94000
2727,94000
2728,251700
2729,94000
2730,251700
2731,172850
2732,94000
2733,251700
2734,251700
2735,251700
2736,251700
2737,251700
2738,251700
2739,94000
2740,251700
2741,94000
2742,94000
2743,251700
2744,251700
2745,251700
2746,251700
2747,172850
2748,251700
2749,251700
2750,94000
2751,94000
2752,251700
2753,94000
2754,94000
2755,251700
2756,94000
2757,94000
2758,94000
2759,94000
2760,251700
2761,251700
2762,94000
2763,94000
2764,251700
2765,94000
2766,94000
2767,251700
2768,94000
2769,251700
2770,94000
2771,94000
2772,94000
2773,251700
2774,251700
2775,251700
2776,94000
2777,251700
2778,251700
2779,94000
2780,251700
2781,94000
2782,251700
2783,251700
2784,251700
2785,251700
2786,172850
2787,251700
2788,251700
2789,94000
2790,172850
2791,251700
2792,251700
2793,94000
2794,94000
2795,94000
2796,94000
2797,94000
2798,94000
2799,251700
2800,251700
2801,94000
2802,251700
2803,251700
2804,251700
2805,251700
2806,94000
2807,251700
2808,94000
2809,251700
2810,251700
2811,251700
2812,251700
2813,251700
2814,94000
2815,251700
2816,94000
2817,251700
2818,251700
2819,251700
2820,94000
2821,251700
2822,94000
2823,94000
2824,94000
2825,251700
2826,251700
2827,94000
2828,172850
2829,251700
2830,94000
2831,251700
2832,94000
2833,251700
2834,251700
2835,251700
2836,251700
2837,251700
2838,251700
2839,251700
2840,251700
2841,94000
2842,94000
2843,94000
2844,251700
2845,251700
2846,251700
2847,94000
2848,251700
2849,94000
2850,251700
2851,251700
2852,251700
2853,251700
2854,94000
2855,94000
2856,251700
2857,94000
2858,251700
2859,251700
2860,94000
2861,94000
2862,251700
2863,94000
2864,251700
2865,94000
2866,94000
2867,94000
2868,94000
2869,251700
2870,94000
2871,94000
2872,94000
2873,251700
2874,251700
2875,251700
2876,251700
2877,94000
2878,251700
2879,94000
2880,251700
2881,251700
2882,94000
2883,94000
2884,251700
2885,94000
2886,94000
2887,251700
2888,172850
2889,251700
2890,251700
2891,94000
2892,251700
2893,251700
2894,251700
2895,94000
2896,94000
2897,94000
2898,172850
2899,251700
2900,251700
2901,251700
2902,251700
2903,251700
2904,251700
2905,251700
2906,172850
2907,251700
2908,251700
2909,172850
2910,251700
2911,251700
2912,251700
2913,251700
2914,94000
2915,251700
2916,251700
2917,251700
2918,251700
2919,94000
2920,251700
2921,251700
2922,94000
2923,251700
2924,251700
2925,251700
2926,94000
2927,94000
2928,251700
2929,94000
2930,94000
2931,251700
2932,94000
2933,251700
2934,251700
2935,172850
2936,94000
2937,251700
2938,251700
2939,251700
2940,251700
2941,94000
2942,251700
2943,94000
2944,251700
2945,94000
2946,251700
2947,94000
2948,251700
2949,94000
2950,94000
2951,251700
2952,94000
2953,94000
2954,251700
2955,94000
2956,94000
2957,251700
2958,94000
2959,251700
2960,172850
2961,251700
2962,251700
2963,94000
2964,251700
2965,94000
2966,94000
2967,94000
2968,94000
2969,251700
2970,172850
2971,251700
2972,251700
2973,94000
2974,251700
2975,251700
2976,251700
2977,251700
2978,251700
2979,94000
2980,251700
2981,94000
2982,251700
2983,251700
2984,251700
2985,251700
2986,94000
2987,94000
2988,172850
2989,251700
2990,251700
2991,94000
2992,94000
2993,94000
2994,251700
2995,251700
2996,251700
2997,94000
2998,251700
2999,251700
3000,94000
3001,251700
3002,94000
3003,94000
3004,251700
3005,94000
3006,172850
3007,94000
3008,251700
3009,251700
3010,251700
3011,251700
3012,94000
3013,94000
3014,94000
3015,94000
3016,94000
3017,94000
3018,94000
3019,251700
3020,251700
3021,94000
3022,94000
3023,251700
3024,251700
3025,172850
3026,251700
3027,94000
3028,94000
3029,251700
3030,251700
3031,94000
3032,251700
3033,251700
3034,172850
3035,251700
3036,251700
3037,251700
3038,251700
3039,94000
3040,94000
3041,251700
3042,94000
3043,94000
3044,172850
3045,94000
3046,251700
3047,94000
3048,94000
3049,251700
3050,172850
3051,251700
3052,251700
3053,251700
3054,251700
3055,94000
3056,172850
3057,94000
3058,94000
3059,251700
3060,251700
3061,251700
3062,94000
3063,94000
3064,251700
3065,172850
3066,94000
3067,251700
3068,251700
3069,94000
3070,251700
3071,251700
3072,251700
3073,251700
3074,94000
3075,94000
3076,94000
3077,94000
3078,94000
3079,94000
3080,251700
3081,94000
3082,94000
3083,251700
3084,251700
3085,94000
3086,251700
3087,251700
3088,94000
3089,94000
3090,94000
3091,251700
3092,94000
3093,251700
3094,251700
3095,172850
3096,94000
3097,251700
3098,94000
3099,251700
3100,251700
3101,251700
3102,251700
3103,251700
3104,251700
3105,251700
3106,251700
3107,251700
3108,251700
3109,251700
3110,94000
3111,251700
3112,251700
3113,251700
3114,94000
3115,94000
3116,94000
3117,251700
3118,251700
3119,94000
3120,251700
3121,94000
3122,94000
3123,94000
3124,94000
3125,251700
3126,251700
3127,251700
3128,94000
3129,251700
3130,94000
3131,251700
3132,251700
3133,251700
3134,94000
3135,251700
3136,94000
3137,251700
3138,94000
3139,251700
3140,94000
3141,94000
3142,94000
3143,251700
3144,94000
3145,94000
3146,251700
3147,251700
3148,94000
3149,251700
3150,251700
3151,251700
3152,94000
3153,94000
3154,251700
3155,251700
3156,94000
3157,94000
3158,94000
3159,251700
3160,94000
3161,251700
3162,251700
3163,251700
3164,251700
3165,251700
3166,94000
3167,94000
3168,251700
3169,94000
3170,94000
3171,251700
3172,94000
3173,94000
3174,251700
3175,251700
3176,94000
3177,251700
3178,251700
3179,94000
3180,94000
3181,251700
3182,94000
3183,251700
3184,94000
3185,251700
3186,94000
3187,251700
3188,251700
3189,251700
3190,251700
3191,94000
3192,251700
3193,251700
3194,251700
3195,251700
3196,251700
3197,172850
3198,94000
3199,251700
3200,94000
3201,251700
3202,94000
3203,172850
3204,251700
3205,94000
3206,251700
3207,251700
3208,94000
3209,94000
3210,172850
3211,251700
3212,251700
3213,251700
3214,251700
3215,94000
3216,172850
3217,251700
3218,251700
3219,251700
3220,94000
3221,94000
3222,94000
3223,94000
3224,94000
3225,94000
3226,94000
3227,94000
3228,251700
3229,251700
3230,251700
3231,94000
3232,94000
3233,251700
3234,94000
3235,94000
3236,94000
3237,251700
3238,94000
3239,94000
3240,94000
3241,94000
3242,251700
3243,94000
3244,251700
3245,94000
3246,251700
3247,94000
3248,94000
3249,94000
3250,251700
3251,251700
3252,251700
3253,94000
3254,172850
3255,251700
3256,94000
3257,251700
3258,251700
3259,172850
3260,172850
3261,251700
3262,94000
3263,94000
3264,251700
3265,251700
3266,251700
3267,94000
3268,251700
3269,251700
3270,94000
3271,94000
3272,94000
3273,251700
3274,94000
3275,94000
3276,251700
3277,251700
3278,251700
3279,251700
3280,251700
3281,94000
3282,94000
3283,251700
3284,251700
3285,94000
3286,94000
3287,251700
3288,251700
3289,94000
3290,94000
3291,94000
3292,251700
3293,251700
3294,251700
3295,251700
3296,94000
3297,94000
3298,251700
3299,94000
3300,251700
3301,251700
3302,251700
3303,251700
3304,94000
3305,94000
3306,94000
3307,251700
3308,172850
3309,251700
3310,94000
3311,94000
3312,94000
3313,94000
3314,251700
3315,251700
3316,251700
3317,94000
3318,94000
3319,94000
3320,94000
3321,251700
3322,94000
3323,94000
3324,251700
3325,251700
3326,94000
3327,251700
3328,94000
3329,251700
3330,251700
3331,251700
3332,251700
3333,251700
3334,94000
3335,251700
3336,94000
3337,251700
3338,251700
3339,251700
3340,251700
3341,251700
3342,94000
3343,251700
3344,94000
3345,94000
3346,94000
3347,94000
3348,94000
3349,251700
3350,94000
3351,251700
3352,251700
3353,251700
3354,251700
3355,94000
3356,94000
3357,94000
3358,94000
3359,251700
3360,94000
3361,251700
3362,94000
3363,251700
3364,251700
3365,94000
3366,251700
3367,251700
3368,94000
3369,251700
3370,251700
3371,94000
3372,251700
3373,251700
3374,172850
3375,94000
3376,94000
3377,94000
3378,94000
3379,251700
3380,251700
3381,94000
3382,94000
3383,251700
3384,251700
3385,251700
3386,94000
3387,251700
3388,251700
3389,94000
3390,94000
3391,172850
3392,94000
3393,251700
3394,94000
3395,251700
3396,251700
3397,94000
3398,251700
3399,94000
3400,94000
3401,251700
3402,94000
3403,94000
3404,251700
3405,251700
3406,94000
3407,94000
3408,94000
3409,94000
3410,251700
3411,251700
3412,94000
3413,251700
3414,251700
3415,251700
3416,251700
3417,251700
3418,251700
3419,94000
3420,251700
3421,94000
3422,94000
3423,94000
3424,251700
3425,94000
3426,251700
3427,94000
3428,251700
3429,94000
3430,94000
3431,251700
3432,251700
3433,172850
3434,94000
3435,251700
3436,251700
3437,94000
3438,94000
3439,94000
3440,251700
3441,172850
3442,94000
3443,251700
3444,94000
3445,94000
3446,172850
3447,172850
3448,94000
3449,251700
3450,94000
3451,94000
3452,251700
3453,251700
3454,94000
3455,94000
3456,251700
3457,251700
3458,94000
3459,251700
3460,251700
3461,251700
3462,251700
3463,251700
3464,251700
3465,94000
3466,94000
3467,94000
3468,251700
3469,251700
3470,94000
3471,251700
3472,251700
3473,94000
3474,94000
3475,94000
3476,251700
3477,251700
3478,251700
3479,94000
3480,251700
3481,251700
3482,251700
3483,251700
3484,94000
3485,94000
3486,251700
3487,251700
3488,94000
3489,94000
3490,251700
3491,94000
3492,94000
3493,251700
3494,251700
3495,251700
3496,94000
3497,94000
3498,251700
3499,251700
3500,94000
3501,94000
3502,251700
3503,251700
3504,251700
3505,94000
3506,251700
3507,94000
3508,94000
3509,94000
3510,94000
3511,94000
3512,251700
3513,94000
3514,94000
3515,94000
3516,251700
3517,251700
3518,251700
3519,94000
3520,94000
3521,94000
3522,94000
3523,94000
3524,251700
3525,251700
3526,94000
3527,251700
3528,94000
3529,94000
3530,251700
3531,94000
3532,172850
3533,251700
3534,251700
3535,94000
3536,94000
3537,94000
3538,94000
3539,94000
3540,251700
3541,94000
3542,251700
3543,94000
3544,251700
3545,251700
3546,94000
3547,251700
3548,251700
3549,94000
3550,251700
3551,172850
3552,251700
3553,251700
3554,94000
3555,251700
3556,94000
3557,94000
3558,94000
3559,251700
3560,94000
3561,251700
3562,94000
3563,94000
3564,94000
3565,94000
3566,251700
3567,94000
3568,251700
3569,251700
3570,251700
3571,251700
3572,94000
3573,172850
3574,94000
3575,94000
3576,251700
3577,251700
3578,94000
3579,251700
3580,94000
3581,94000
3582,172850
3583,251700
3584,94000
3585,251700
3586,94000
3587,251700
3588,94000
3589,251700
3590,94000
3591,251700
3592,251700
3593,251700
3594,251700
3595,94000
3596,251700
3597,94000
3598,94000
3599,251700
3600,251700
3601,94000
3602,94000
3603,94000
3604,94000
3605,251700
3606,94000
3607,94000
3608,172850
3609,251700
3610,94000
3611,94000
3612,94000
3613,251700
3614,251700
3615,94000
3616,94000
3617,94000
3618,94000
3619,251700
3620,94000
3621,251700
3622,251700
3623,94000
3624,251700
3625,94000
3626,94000
3627,94000
3628,94000
3629,251700
3630,251700
3631,94000
3632,172850
3633,94000
3634,94000
3635,94000
3636,94000
3637,94000
3638,94000
3639,251700
3640,94000
3641,251700
3642,94000
3643,251700
3644,251700
3645,94000
3646,251700
3647,251700
3648,94000
3649,94000
3650,251700
3651,251700
3652,251700
3653,172850
3654,94000
3655,94000
3656,251700
3657,94000
3658,251700
3659,94000
3660,94000
3661,251700
3662,251700
3663,251700
3664,251700
3665,94000
3666,251700
3667,251700
3668,94000
3669,251700
3670,251700
3671,251700
3672,251700
3673,94000
3674,94000
3675,94000
3676,94000
3677,251700
3678,94000
3679,251700
3680,251700
3681,251700
3682,251700
3683,251700
3684,94000
3685,251700
3686,94000
3687,251700
3688,251700
3689,251700
3690,94000
3691,251700
3692,251700
3693,251700
3694,251700
3695,94000
3696,251700
3697,251700
3698,172850
3699,94000
3700,251700
3701,251700
3702,94000
3703,251700
3704,251700
3705,94000
3706,94000
3707,94000
3708,251700
3709,251700
3710,94000
3711,251700
3712,94000
3713,94000
3714,94000
3715,251700
3716,251700
3717,251700
3718,251700
3719,94000
3720,251700
3721,251700
3722,94000
3723,94000
3724,94000
3725,94000
3726,172850
3727,251700
3728,94000
3729,94000
3730,251700
3731,94000
3732,94000
3733,94000
3734,251700
3735,251700
3736,94000
3737,251700
3738,251700
3739,251700
3740,251700
3741,251700
3742,251700
3743,251700
3744,94000
3745,94000
3746,94000
3747,94000
3748,94000
3749,94000
3750,251700
3751,94000
3752,94000
3753,172850
3754,251700
3755,94000
3756,251700
3757,94000
3758,94000
3759,94000
3760,94000
3761,94000
3762,94000
3763,94000
3764,94000
3765,251700
3766,172850
3767,251700
3768,94000
3769,94000
3770,94000
3771,251700
3772,251700
3773,94000
3774,251700
3775,94000
3776,94000
3777,251700
3778,251700
3779,251700
3780,251700
3781,94000
3782,94000
3783,251700
3784,251700
3785,94000
3786,251700
3787,94000
3788,94000
3789,251700
3790,94000
3791,94000
3792,94000
3793,251700
3794,251700
3795,251700
3796,94000
3797,251700
3798,251700
3799,94000
3800,94000
3801,94000
3802,251700
3803,251700
3804,251700
3805,251700
3806,251700
3807,94000
3808,94000
3809,251700
3810,94000
3811,251700
3812,251700
3813,94000
3814,94000
3815,251700
3816,94000
3817,251700
3818,94000
3819,94000
3820,94000
3821,251700
3822,172850
3823,251700
3824,251700
3825,251700
3826,94000
3827,251700
3828,251700
3829,251700
3830,94000
3831,94000
3832,251700
3833,94000
3834,251700
3835,251700
3836,172850
3837,251700
3838,251700
3839,94000
3840,94000
3841,251700
3842,94000
3843,94000
3844,251700
3845,251700
3846,251700
3847,94000
3848,94000
3849,94000
3850,251700
3851,94000
3852,251700
3853,251700
3854,251700
3855,251700
3856,94000
3857,94000
3858,251700
3859,251700
3860,94000
3861,94000
3862,251700
3863,94000
3864,251700
3865,251700
3866,94000
3867,251700
3868,94000
3869,94000
3870,251700
3871,251700
3872,251700
3873,94000
3874,251700
3875,251700
3876,251700
3877,251700
3878,94000
3879,94000
3880,251700
3881,94000
3882,94000
3883,172850
3884,94000
3885,251700
3886,94000
3887,251700
3888,251700
3889,94000
3890,251700
3891,251700
3892,94000
3893,251700
3894,251700
3895,94000
3896,94000
3897,251700
3898,251700
3899,251700
3900,251700
3901,94000
3902,251700
3903,94000
3904,251700
3905,94000
3906,251700
3907,94000
3908,251700
3909,251700
3910,94000
3911,94000
3912,251700
3913,94000
3914,94000
3915,251700
3916,251700
3917,94000
3918,251700
3919,94000
3920,251700
3921,251700
3922,94000
3923,251700
3924,251700
3925,251700
3926,94000
3927,94000
3928,94000
3929,251700
3930,94000
3931,94000
3932,172850
3933,172850
3934,94000
3935,94000
3936,94000
3937,94000
3938,251700
3939,94000
3940,94000
3941,251700
3942,94000
3943,94000
3944,94000
3945,94000
3946,251700
3947,94000
3948,251700
3949,94000
3950,94000
3951,251700
3952,251700
3953,94000
3954,94000
3955,94000
3956,94000
3957,172850
3958,94000
3959,94000
3960,94000
3961,94000
3962,94000
3963,94000
3964,94000
3965,251700
3966,251700
3967,94000
3968,94000
3969,94000
3970,251700
3971,251700
3972,94000
3973,251700
3974,172850
3975,251700
3976,94000
3977,94000
3978,251700
3979,251700
3980,94000
3981,172850
3982,94000
3983,251700
3984,251700
3985,94000
3986,94000
3987,94000
3988,94000
3989,251700
3990,251700
3991,251700
3992,94000
3993,94000
3994,251700
3995,251700
3996,251700
3997,94000
3998,94000
3999,251700
4000,251700
4001,251700
4002,251700
4003,94000
4004,251700
4005,251700
4006,251700
4007,251700
4008,251700
4009,94000
4010,251700
4011,94000
4012,94000
4013,94000
4014,251700
4015,94000
4016,94000
4017,251700
4018,251700
4019,94000
4020,251700
4021,94000
4022,251700
4023,251700
4024,251700
4025,251700
4026,251700
4027,94000
4028,251700
4029,251700
4030,94000
4031,94000
4032,251700
4033,172850
4034,94000
4035,251700
4036,94000
4037,251700
4038,94000
4039,94000
4040,251700
4041,251700
4042,94000
4043,94000
4044,251700
4045,251700
4046,251700
4047,251700
4048,251700
4049,94000
4050,251700
4051,94000
4052,94000
4053,94000
4054,94000
4055,251700
4056,94000
4057,94000
4058,251700
4059,94000
4060,251700
4061,251700
4062,94000
4063,251700
4064,251700
4065,251700
4066,94000
4067,94000
4068,251700
4069,94000
4070,94000
4071,251700
4072,94000
4073,251700
4074,94000
4075,94000
4076,251700
4077,94000
4078,251700
4079,251700
4080,251700
4081,251700
4082,251700
4083,251700
4084,251700
4085,94000
4086,172850
4087,94000
4088,94000
4089,251700
4090,94000
4091,94000
4092,251700
4093,94000
4094,251700
4095,94000
4096,94000
4097,94000
4098,251700
4099,251700
4100,94000
4101,251700
4102,94000
4103,251700
4104,94000
4105,251700
4106,251700
4107,94000
4108,251700
4109,94000
4110,251700
4111,251700
4112,94000
4113,251700
4114,251700
4115,94000
4116,251700
4117,251700
4118,251700
4119,251700
4120,251700
4121,251700
4122,251700
4123,94000
4124,94000
4125,251700
4126,94000
4127,94000
4128,251700
4129,94000
4130,94000
4131,251700
4132,251700
4133,251700
4134,251700
4135,94000
4136,172850
4137,251700
4138,94000
4139,251700
4140,251700
4141,172850
4142,94000
4143,94000
4144,251700
4145,251700
4146,251700
4147,251700
4148,94000
4149,94000
4150,251700
4151,251700
4152,251700
4153,251700
4154,251700
4155,251700
4156,94000
4157,94000
4158,94000
4159,251700
4160,94000
4161,94000
4162,251700
4163,94000
4164,251700
4165,172850
4166,94000
4167,251700
4168,94000
4169,94000
4170,251700
4171,94000
4172,251700
4173,94000
4174,251700
4175,251700
4176,94000
4177,94000
4178,251700
4179,251700
4180,251700
4181,94000
4182,94000
4183,94000
4184,251700
4185,251700
4186,251700
4187,94000
4188,251700
4189,251700
4190,251700
4191,251700
4192,251700
4193,251700
4194,94000
4195,94000
4196,94000
4197,251700
4198,251700
4199,251700
4200,94000
4201,172850
4202,251700
4203,251700
4204,251700
4205,94000
4206,251700
4207,251700
4208,172850
4209,94000
4210,251700
4211,94000
4212,251700
4213,94000
4214,251700
4215,251700
4216,94000
4217,251700
4218,251700
4219,251700
4220,94000
4221,94000
4222,251700
4223,94000
4224,94000
4225,94000
4226,251700
4227,251700
4228,251700
4229,94000
4230,251700
4231,251700
4232,251700
4233,94000
4234,94000
4235,251700
4236,94000
4237,172850
4238,94000
4239,251700
4240,172850
4241,94000
4242,251700
4243,94000
4244,94000
4245,251700
4246,94000
4247,251700
4248,94000
4249,94000
4250,94000
4251,94000
4252,94000
4253,94000
4254,251700
4255,94000
4256,251700
4257,251700
4258,94000
4259,94000
4260,251700
4261,94000
4262,251700
4263,251700
4264,251700
4265,251700
4266,94000
4267,94000
4268,251700
4269,94000
4270,94000
4271,94000
4272,251700
4273,94000
4274,251700
4275,251700
4276,94000
4277,94000
4278,94000
4279,251700
4280,94000
4281,94000
4282,251700
4283,251700
4284,94000
4285,251700
4286,94000
4287,251700
4288,94000
4289,94000
4290,94000
4291,94000
4292,251700
4293,94000
4294,94000
4295,94000
4296,251700
4297,251700
4298,251700
4299,94000
4300,251700
4301,94000
4302,251700
4303,251700
4304,94000
4305,172850
4306,251700
4307,94000
4308,251700
4309,251700
4310,251700
4311,94000
4312,251700
4313,251700
4314,172850
4315,251700
4316,251700
4317,172850
4318,251700
4319,251700
4320,251700
4321,94000
4322,251700
4323,94000
4324,94000
4325,251700
4326,251700
4327,94000
4328,94000
4329,251700
4330,94000
4331,94000
4332,94000
4333,251700
4334,94000
4335,94000
4336,251700
4337,251700
4338,251700
4339,251700
4340,251700
4341,251700
4342,251700
4343,251700
4344,251700
4345,94000
4346,251700
4347,94000
4348,251700
4349,94000
4350,251700
4351,251700
4352,94000
4353,94000
4354,94000
4355,94000
4356,251700
4357,172850
4358,251700
4359,251700
4360,94000
4361,251700
4362,251700
4363,94000
4364,94000
4365,94000
4366,251700
4367,94000
4368,251700
4369,94000
4370,94000
4371,94000
4372,94000
4373,251700
4374,94000
4375,251700
4376,251700
4377,251700
4378,94000
4379,251700
4380,94000
4381,251700
4382,251700
4383,94000
4384,251700
4385,94000
4386,251700
4387,251700
4388,251700
4389,251700
4390,251700
4391,94000
4392,94000
4393,251700
4394,94000
4395,94000
4396,94000
4397,94000
4398,94000
4399,251700
4400,251700
4401,94000
4402,251700
4403,172850
4404,94000
4405,251700
4406,251700
4407,94000
4408,251700
4409,94000
4410,94000
4411,94000
4412,94000
4413,94000
4414,94000
4415,251700
4416,94000
4417,94000
4418,251700
4419,94000
4420,94000
4421,251700
4422,251700
4423,251700
4424,172850
4425,94000
4426,251700
4427,251700
4428,94000
4429,251700
4430,94000
4431,251700
4432,94000
4433,94000
4434,94000
4435,251700
4436,251700
4437,94000
4438,94000
4439,94000
4440,251700
4441,94000
4442,94000
4443,251700
4444,94000
4445,251700
4446,251700
4447,251700
4448,251700
4449,251700
4450,94000
4451,94000
4452,251700
4453,251700
4454,94000
4455,251700
4456,251700
4457,251700
4458,94000
4459,251700
4460,94000
4461,251700
4462,251700
4463,251700
4464,94000
4465,251700
4466,251700
4467,251700
4468,251700
4469,94000
4470,251700
4471,251700
4472,94000
4473,94000
4474,94000
4475,94000
4476,251700
4477,94000
4478,94000
4479,251700
4480,172850
4481,251700
4482,251700
4483,94000
4484,251700
4485,172850
4486,251700
4487,94000
4488,94000
4489,94000
4490,94000
4491,251700
4492,94000
4493,251700
4494,251700
4495,251700
4496,172850
4497,251700
4498,94000
4499,251700
4500,251700
4501,94000
4502,94000
4503,251700
4504,94000
4505,251700
4506,172850
4507,251700
4508,251700
4509,251700
4510,94000
4511,251700
4512,94000
4513,251700
4514,251700
4515,251700
4516,172850
4517,94000
4518,251700
4519,94000
4520,251700
4521,172850
4522,251700
4523,251700
4524,251700
4525,251700
4526,251700
4527,94000
4528,251700
4529,251700
4530,94000
4531,251700
4532,251700
4533,94000
4534,94000
4535,94000
4536,251700
4537,251700
4538,251700
4539,251700
4540,94000
4541,251700
4542,251700
4543,94000
4544,251700
4545,251700
4546,94000
4547,251700
4548,251700
4549,251700
4550,251700
4551,94000
4552,94000
4553,94000
4554,251700
4555,251700
4556,251700
4557,94000
4558,251700
4559,251700
4560,251700
4561,94000
4562,94000
4563,94000
4564,251700
4565,94000
4566,94000
4567,94000
4568,94000
4569,94000
4570,251700
4571,251700
4572,94000
4573,94000
4574,251700
4575,251700
4576,94000
4577,94000
4578,251700
4579,94000
4580,251700
4581,94000
4582,251700
4583,251700
4584,251700
4585,251700
4586,251700
4587,251700
4588,94000
4589,94000
4590,94000
4591,251700
4592,251700
4593,251700
4594,251700
4595,94000
4596,251700
4597,94000
4598,251700
4599,251700
4600,94000
4601,94000
4602,94000
4603,251700
4604,94000
4605,251700
4606,251700
4607,251700
4608,251700
4609,94000
4610,251700
4611,94000
4612,94000
4613,251700
4614,94000
4615,94000
4616,94000
4617,94000
4618,251700
4619,251700
4620,94000
4621,251700
4622,94000
4623,94000
4624,94000
4625,251700
4626,251700
4627,251700
4628,251700
4629,251700
4630,94000
4631,251700
4632,251700
4633,94000
4634,251700
4635,251700
4636,251700
4637,251700
4638,251700
4639,251700
4640,251700
4641,251700
4642,251700
4643,251700
4644,94000
4645,251700
4646,251700
4647,172850
4648,251700
4649,94000
4650,94000
4651,251700
4652,94000
4653,251700
4654,94000
4655,251700
4656,251700
4657,94000
4658,172850
4659,251700
4660,251700
4661,94000
4662,251700
4663,94000
4664,251700
4665,94000
4666,251700
4667,251700
4668,251700
4669,94000
4670,94000
4671,251700
4672,251700
4673,94000
4674,251700
4675,251700
4676,251700
4677,251700
4678,251700
4679,94000
4680,251700
4681,251700
4682,251700
4683,251700
4684,94000
4685,251700
4686,94000
4687,94000
4688,251700
4689,251700
4690,94000
4691,251700
4692,251700
4693,251700
4694,94000
4695,94000
4696,251700
4697,94000
4698,94000
4699,251700
4700,94000
4701,251700
4702,94000
4703,251700
4704,94000
4705,251700
4706,94000
4707,251700
4708,251700
4709,251700
4710,94000
4711,251700
4712,94000
4713,251700
4714,251700
4715,251700
4716,251700
4717,251700
4718,251700
4719,94000
4720,94000
4721,94000
4722,94000
4723,94000
4724,94000
4725,251700
4726,94000
4727,94000
4728,251700
4729,94000
4730,251700
4731,94000
4732,94000
4733,251700
4734,94000
4735,251700
4736,251700
4737,172850
4738,251700
4739,251700
4740,94000
4741,94000
4742,94000
4743,94000
4744,94000
4745,251700
4746,251700
4747,94000
4748,172850
4749,94000
4750,251700
4751,251700
4752,251700
4753,94000
4754,251700
4755,94000
4756,251700
4757,94000
4758,94000
4759,172850
4760,251700
4761,251700
4762,251700
4763,94000
4764,94000
4765,94000
4766,251700
4767,251700
4768,251700
4769,251700
4770,94000
4771,251700
4772,94000
4773,172850
4774,94000
4775,251700
4776,172850
4777,251700
4778,251700
4779,251700
4780,94000
4781,94000
4782,251700
4783,251700
4784,94000
4785,251700
4786,94000
4787,251700
4788,251700
4789,251700
4790,94000
4791,94000
4792,94000
4793,94000
4794,94000
4795,251700
4796,251700
4797,251700
4798,251700
4799,94000
4800,251700
4801,94000
4802,251700
4803,251700
4804,251700
4805,251700
4806,251700
4807,94000
4808,251700
4809,251700
4810,94000
4811,94000
4812,94000
4813,251700
4814,251700
4815,94000
4816,251700
4817,251700
4818,94000
4819,172850
4820,251700
4821,94000
4822,94000
4823,172850
4824,251700
4825,251700
4826,251700
4827,94000
4828,251700
4829,94000
4830,251700
4831,251700
4832,94000
4833,94000
4834,94000
4835,251700
4836,251700
4837,251700
4838,251700
4839,251700
4840,251700
4841,94000
4842,251700
4843,94000
4844,251700
4845,251700
4846,94000
4847,251700
4848,251700
4849,94000
4850,94000
4851,94000
4852,94000
4853,94000
4854,94000
4855,251700
4856,251700
4857,251700
4858,251700
4859,251700
4860,251700
4861,251700
4862,94000
4863,251700
4864,251700
4865,251700
4866,94000
4867,94000
4868,251700
4869,251700
4870,251700
4871,94000
4872,94000
4873,94000
4874,94000
4875,94000
4876,94000
4877,94000
4878,94000
4879,94000
4880,251700
4881,251700
4882,251700
4883,94000
4884,251700
4885,94000
4886,94000
4887,251700
4888,251700
4889,94000
4890,94000
4891,94000
4892,94000
4893,94000
4894,251700
4895,94000
4896,251700
4897,251700
4898,94000
4899,94000
4900,94000
4901,251700
4902,251700
4903,251700
4904,94000
4905,94000
4906,251700
4907,94000
4908,94000
4909,94000
4910,94000
4911,94000
4912,94000
4913,94000
4914,172850
4915,251700
4916,94000
4917,94000
4918,94000
4919,251700
4920,251700
4921,94000
4922,251700
4923,94000
4924,251700
4925,94000
4926,94000
4927,94000
4928,94000
4929,94000
4930,251700
4931,94000
4932,94000
4933,251700
4934,94000
4935,94000
4936,251700
4937,94000
4938,94000
4939,251700
4940,94000
4941,94000
4942,251700
4943,172850
4944,172850
4945,251700
4946,251700
4947,94000
4948,251700
4949,251700
4950,251700
4951,94000
4952,94000
4953,251700
4954,94000
4955,251700
4956,251700
4957,251700
4958,94000
4959,251700
4960,251700
4961,251700
4962,251700
4963,94000
4964,251700
4965,251700
4966,94000
4967,94000
4968,94000
4969,251700
4970,251700
4971,94000
4972,251700
4973,251700
4974,94000
4975,251700
4976,94000
4977,94000
4978,94000
4979,251700
4980,251700
4981,94000
4982,94000
4983,251700
4984,94000
4985,251700
4986,94000
4987,251700
4988,94000
4989,94000
4990,94000
4991,251700
4992,172850
4993,94000
4994,251700
4995,251700
4996,94000
4997,251700
4998,251700
4999,94000
5000,94000
