0,251700
1,251700
2,94000
3,251700
4,172850
5,251700
6,251700
7,94000
8,251700
9,251700
10,251700
11,94000
12,94000
13,251700
14,251700
15,94000
16,251700
17,94000
18,94000
19,94000
20,251700
21,94000
22,251700
23,94000
24,251700
25,251700
26,94000
27,94000
28,94000
29,94000
30,94000
31,251700
32,251700
33,251700
34,94000
35,251700
36,94000
37,251700
38,251700
39,251700
40,94000
41,251700
42,251700
43,251700
44,94000
45,94000
46,94000
47,251700
48,251700
49,94000
50,94000
51,94000
52,251700
53,94000
54,251700
55,94000
56,251700
57,251700
58,94000
59,251700
60,94000
61,94000
62,94000
63,251700
64,94000
65,94000
66,251700
67,94000
68,251700
69,94000
70,94000
71,251700
72,172850
73,251700
74,251700
75,94000
76,94000
77,94000
78,94000
79,251700
80,251700
81,251700
82,251700
83,251700
84,94000
85,251700
86,251700
87,94000
88,251700
89,251700
90,251700
91,251700
92,94000
93,251700
94,251700
95,251700
96,251700
97,94000
98,94000
99,94000
100,94000
101,172850
102,251700
103,251700
104,94000
105,251700
106,94000
107,251700
108,251700
109,172850
110,251700
111,251700
112,251700
113,94000
114,94000
115,251700
116,251700
117,94000
118,251700
119,94000
120,172850
121,251700
122,251700
123,94000
124,94000
125,94000
126,251700
127,94000
128,94000
129,94000
130,94000
131,251700
132,94000
133,94000
134,94000
135,251700
136,172850
137,94000
138,251700
139,94000
140,251700
141,94000
142,172850
143,94000
144,94000
145,251700
146,251700
147,251700
148,94000
149,94000
150,251700
151,94000
152,94000
153,251700
154,94000
155,94000
156,94000
157,251700
158,94000
159,94000
160,251700
161,94000
162,251700
163,251700
164,94000
165,251700
166,94000
167,172850
168,251700
169,251700
170,251700
171,94000
172,94000
173,251700
174,172850
175,94000
176,94000
177,251700
178,94000
179,251700
180,251700
181,251700
182,251700
183,251700
184,251700
185,94000
186,251700
187,251700
188,172850
189,251700
190,94000
191,94000
192,172850
193,251700
194,94000
195,251700
196,251700
197,251700
198,251700
199,172850
200,251700
201,94000
202,251700
203,94000
204,94000
205,94000
206,94000
207,94000
208,251700
209,94000
210,251700
211,94000
212,94000
213,251700
214,94000
215,94000
216,172850
217,251700
218,94000
219,251700
220,251700
221,172850
222,94000
223,94000
224,94000
225,251700
226,251700
227,251700
228,251700
229,251700
230,94000
231,94000
232,94000
233,94000
234,94000
235,94000
236,94000
237,94000
238,94000
239,251700
240,94000
241,94000
242,94000
243,94000
244,94000
245,251700
246,251700
247,251700
248,94000
249,94000
250,94000
251,94000
252,251700
253,251700
254,251700
255,94000
256,94000
257,251700
258,172850
259,251700
260,251700
261,251700
262,94000
263,251700
264,251700
265,172850
266,251700
267,94000
268,94000
269,94000
270,251700
271,94000
272,251700
273,251700
274,251700
275,251700
276,251700
277,94000
278,251700
279,172850
280,251700
281,251700
282,251700
283,94000
284,251700
285,251700
286,94000
287,251700
288,251700
289,172850
290,94000
291,94000
292,251700
293,94000
294,251700
295,251700
296,94000
297,94000
298,251700
299,251700
300,94000
301,94000
302,251700
303,251700
304,94000
305,251700
306,172850
307,94000
308,94000
309,94000
310,94000
311,94000
312,94000
313,94000
314,94000
315,251700
316,94000
317,251700
318,94000
319,251700
320,94000
321,251700
322,251700
323,251700
324,94000
325,94000
326,251700
327,251700
328,94000
329,94000
330,251700
331,251700
332,94000
333,94000
334,94000
335,251700
336,94000
337,94000
338,94000
339,251700
340,94000
341,251700
342,94000
343,251700
344,94000
345,251700
346,94000
347,251700
348,251700
349,251700
350,94000
351,94000
352,251700
353,251700
354,172850
355,172850
356,94000
357,94000
358,94000
359,251700
360,94000
361,94000
362,94000
363,251700
364,251700
365,94000
366,251700
367,251700
368,251700
369,94000
370,94000
371,94000
372,251700
373,94000
374,251700
375,251700
376,94000
377,251700
378,94000
379,251700
380,94000
381,94000
382,251700
383,94000
384,251700
385,251700
386,94000
387,94000
388,94000
389,251700
390,251700
391,251700
392,251700
393,94000
394,94000
395,251700
396,94000
397,94000
398,251700
399,251700
400,94000
401,251700
402,251700
403,94000
404,172850
405,251700
406,251700
407,251700
408,94000
409,172850
410,251700
411,94000
412,251700
413,94000
414,251700
415,251700
416,251700
417,94000
418,94000
419,94000
420,251700
421,94000
422,172850
423,251700
424,251700
425,251700
426,251700
427,94000
428,251700
429,251700
430,251700
431,94000
432,251700
433,251700
434,251700
435,251700
436,251700
437,94000
438,251700
439,94000
440,94000
441,94000
442,251700
443,251700
444,172850
445,94000
446,94000
447,94000
448,94000
449,251700
450,94000
451,94000
452,94000
453,251700
454,251700
455,94000
456,94000
457,94000
458,251700
459,94000
460,251700
461,94000
462,251700
463,94000
464,251700
465,251700
466,94000
467,251700
468,94000
469,251700
470,94000
471,94000
472,94000
473,172850
474,94000
475,251700
476,94000
477,251700
478,251700
479,251700
480,94000
481,251700
482,94000
483,94000
484,251700
485,251700
486,251700
487,251700
488,251700
489,94000
490,94000
491,251700
492,94000
493,94000
494,251700
495,94000
496,251700
497,251700
498,94000
499,251700
500,94000
501,94000
502,94000
503,251700
504,251700
505,94000
506,251700
507,251700
508,251700
509,251700
510,251700
511,251700
512,251700
513,251700
514,94000
515,251700
516,94000
517,172850
518,251700
519,94000
520,251700
521,94000
522,94000
523,94000
524,94000
525,94000
526,94000
527,94000
528,251700
529,251700
530,94000
531,251700
532,251700
533,94000
534,251700
535,251700
536,251700
537,251700
538,251700
539,94000
540,94000
541,94000
542,94000
543,94000
544,251700
545,251700
546,94000
547,172850
548,94000
549,251700
550,94000
551,251700
552,94000
553,251700
554,251700
555,94000
556,94000
557,251700
558,94000
559,94000
560,251700
561,94000
562,94000
563,251700
564,251700
565,251700
566,251700
567,251700
568,94000
569,94000
570,251700
571,251700
572,251700
573,251700
574,251700
575,94000
576,251700
577,94000
578,94000
579,251700
580,251700
581,251700
582,172850
583,94000
584,251700
585,251700
586,251700
587,251700
588,251700
589,172850
590,94000
591,251700
592,251700
593,94000
594,94000
595,94000
596,251700
597,251700
598,94000
599,94000
600,94000
601,94000
602,251700
603,251700
604,94000
605,251700
606,172850
607,251700
608,251700
609,94000
610,94000
611,94000
612,94000
613,251700
614,94000
615,251700
616,94000
617,251700
618,251700
619,251700
620,94000
621,94000
622,251700
623,94000
624,251700
625,94000
626,94000
627,94000
628,94000
629,94000
630,94000
631,251700
632,251700
633,94000
634,251700
635,251700
636,251700
637,94000
638,251700
639,94000
640,251700
641,251700
642,94000
643,94000
644,94000
645,251700
646,251700
647,172850
648,94000
649,94000
650,251700
651,172850
652,94000
653,94000
654,94000
655,251700
656,94000
657,251700
658,94000
659,251700
660,251700
661,94000
662,251700
663,94000
664,251700
665,251700
666,94000
667,251700
668,94000
669,251700
670,251700
671,251700
672,94000
673,251700
674,251700
675,251700
676,94000
677,94000
678,251700
679,94000
680,251700
681,251700
682,94000
683,251700
684,251700
685,94000
686,251700
687,251700
688,94000
689,251700
690,94000
691,94000
692,251700
693,94000
694,251700
695,94000
696,94000
697,94000
698,251700
699,251700
700,94000
701,251700
702,94000
703,251700
704,251700
705,94000
706,94000
707,94000
708,172850
709,251700
710,94000
711,94000
712,94000
713,251700
714,251700
715,251700
716,94000
717,251700
718,94000
719,251700
720,94000
721,251700
722,251700
723,94000
724,94000
725,251700
726,251700
727,251700
728,94000
729,251700
730,251700
731,94000
732,94000
733,94000
734,94000
735,251700
736,94000
737,251700
738,94000
739,94000
740,94000
741,94000
742,251700
743,251700
744,251700
745,251700
746,251700
747,251700
748,94000
749,251700
750,251700
751,94000
752,94000
753,94000
754,94000
755,94000
756,251700
757,251700
758,94000
759,94000
760,94000
761,251700
762,251700
763,251700
764,94000
765,251700
766,251700
767,94000
768,94000
769,251700
770,251700
771,251700
772,94000
773,251700
774,172850
775,251700
776,251700
777,251700
778,94000
779,94000
780,94000
781,94000
782,251700
783,251700
784,251700
785,94000
786,172850
787,94000
788,251700
789,251700
790,251700
791,94000
792,251700
793,94000
794,251700
795,251700
796,251700
797,94000
798,94000
799,251700
800,94000
801,94000
802,94000
803,94000
804,94000
805,251700
806,172850
807,94000
808,251700
809,94000
810,94000
811,251700
812,251700
813,251700
814,94000
815,251700
816,94000
817,94000
818,251700
819,251700
820,251700
821,94000
822,94000
823,94000
824,94000
825,94000
826,251700
827,251700
828,94000
829,251700
830,251700
831,251700
832,94000
833,251700
834,251700
835,251700
836,94000
837,251700
838,251700
839,251700
840,251700
841,94000
842,94000
843,251700
844,251700
845,251700
846,94000
847,94000
848,94000
849,94000
850,251700
851,251700
852,251700
853,94000
854,94000
855,94000
856,94000
857,94000
858,251700
859,94000
860,251700
861,251700
862,172850
863,94000
864,94000
865,94000
866,251700
867,251700
868,94000
869,251700
870,172850
871,94000
872,94000
873,251700
874,251700
875,94000
876,251700
877,94000
878,94000
879,94000
880,94000
881,94000
882,251700
883,251700
884,251700
885,94000
886,94000
887,251700
888,251700
889,251700
890,251700
891,251700
892,94000
893,251700
894,251700
895,251700
896,94000
897,251700
898,251700
899,94000
900,94000
901,251700
902,251700
903,251700
904,251700
905,94000
906,94000
907,94000
908,94000
909,251700
910,94000
911,94000
912,94000
913,94000
914,172850
915,94000
916,251700
917,251700
918,94000
919,94000
920,94000
921,251700
922,251700
923,172850
924,251700
925,94000
926,251700
927,251700
928,94000
929,94000
930,251700
931,251700
932,94000
933,251700
934,94000
935,251700
936,94000
937,94000
938,251700
939,251700
940,94000
941,251700
942,251700
943,94000
944,94000
945,94000
946,94000
947,94000
948,251700
949,94000
950,251700
951,251700
952,94000
953,251700
954,94000
955,94000
956,94000
957,172850
958,251700
959,251700
960,94000
961,251700
962,251700
963,251700
964,251700
965,251700
966,94000
967,94000
968,251700
969,94000
970,251700
971,94000
972,251700
973,94000
974,251700
975,94000
976,94000
977,251700
978,251700
979,94000
980,94000
981,251700
982,94000
983,94000
984,94000
985,94000
986,172850
987,94000
988,251700
989,94000
990,251700
991,251700
992,94000
993,94000
994,94000
995,251700
996,94000
997,251700
998,251700
999,94000
1000,251700
1001,251700
1002,251700
1003,251700
1004,94000
1005,172850
1006,94000
1007,251700
1008,94000
1009,94000
1010,94000
1011,94000
1012,251700
1013,94000
1014,94000
1015,172850
1016,172850
1017,251700
1018,94000
1019,94000
1020,94000
1021,94000
1022,172850
1023,251700
1024,251700
1025,94000
1026,251700
1027,251700
1028,251700
1029,251700
1030,94000
1031,251700
1032,251700
1033,251700
1034,94000
1035,251700
1036,94000
1037,251700
1038,94000
1039,251700
1040,251700
1041,94000
1042,251700
1043,94000
1044,94000
1045,251700
1046,94000
1047,251700
1048,94000
1049,251700
1050,94000
1051,94000
1052,251700
1053,251700
1054,94000
1055,94000
1056,251700
1057,94000
1058,251700
1059,94000
1060,251700
1061,251700
1062,251700
1063,94000
1064,251700
1065,251700
1066,251700
1067,251700
1068,251700
1069,251700
1070,251700
1071,94000
1072,94000
1073,94000
1074,94000
1075,251700
1076,94000
1077,94000
1078,94000
1079,251700
1080,251700
1081,94000
1082,94000
1083,94000
1084,94000
1085,251700
1086,251700
1087,251700
1088,251700
1089,251700
1090,172850
1091,94000
1092,251700
1093,94000
1094,251700
1095,94000
1096,94000
1097,94000
1098,94000
1099,94000
1100,94000
1101,94000
1102,251700
1103,251700
1104,94000
1105,251700
1106,251700
1107,94000
1108,251700
1109,94000
1110,251700
1111,94000
1112,251700
1113,251700
1114,251700
1115,94000
1116,251700
1117,251700
1118,94000
1119,94000
1120,251700
1121,251700
1122,94000
1123,251700
1124,94000
1125,94000
1126,251700
1127,94000
1128,251700
1129,94000
1130,94000
1131,94000
1132,251700
1133,94000
1134,172850
1135,251700
1136,94000
1137,251700
1138,251700
1139,251700
1140,251700
1141,94000
1142,251700
1143,94000
1144,94000
1145,251700
1146,94000
1147,251700
1148,94000
1149,251700
1150,251700
1151,94000
1152,94000
1153,94000
1154,251700
1155,94000
1156,94000
1157,251700
1158,94000
1159,251700
1160,94000
1161,94000
1162,94000
1163,94000
1164,94000
1165,251700
1166,94000
1167,251700
1168,251700
1169,251700
1170,94000
1171,94000
1172,94000
1173,251700
1174,94000
1175,251700
1176,251700
1177,251700
1178,172850
1179,94000
1180,94000
1181,94000
1182,251700
1183,94000
1184,94000
1185,94000
1186,94000
1187,251700
1188,251700
1189,94000
1190,94000
1191,94000
1192,94000
1193,94000
1194,251700
1195,94000
1196,251700
1197,94000
1198,251700
1199,94000
1200,94000
1201,251700
1202,172850
1203,251700
1204,94000
1205,94000
1206,94000
1207,251700
1208,94000
1209,251700
1210,251700
1211,94000
1212,251700
1213,94000
1214,251700
1215,94000
1216,251700
1217,251700
1218,251700
1219,94000
1220,94000
1221,251700
1222,94000
1223,251700
1224,251700
1225,94000
1226,251700
1227,94000
1228,94000
1229,251700
1230,94000
1231,251700
1232,94000
1233,94000
1234,251700
1235,251700
1236,251700
1237,251700
1238,94000
1239,251700
1240,94000
1241,94000
1242,251700
1243,251700
1244,94000
1245,94000
1246,94000
1247,94000
1248,251700
1249,94000
1250,251700
1251,251700
1252,251700
1253,251700
1254,94000
1255,94000
1256,94000
1257,94000
1258,251700
1259,251700
1260,94000
1261,251700
1262,94000
1263,251700
1264,94000
1265,94000
1266,94000
1267,94000
1268,251700
1269,251700
1270,94000
1271,251700
1272,94000
1273,251700
1274,172850
1275,94000
1276,172850
1277,94000
1278,251700
1279,251700
1280,251700
1281,94000
1282,251700
1283,251700
1284,251700
1285,94000
1286,251700
1287,94000
1288,251700
1289,251700
1290,172850
1291,251700
1292,251700
1293,94000
1294,251700
1295,251700
1296,251700
1297,251700
1298,94000
1299,251700
1300,251700
1301,251700
1302,251700
1303,251700
1304,251700
1305,251700
1306,94000
1307,94000
1308,251700
1309,251700
1310,94000
1311,94000
1312,251700
1313,94000
1314,251700
1315,251700
1316,172850
1317,94000
1318,251700
1319,94000
1320,251700
1321,94000
1322,251700
1323,94000
1324,94000
1325,94000
1326,172850
1327,94000
1328,94000
1329,94000
1330,251700
1331,94000
1332,251700
1333,251700
1334,94000
1335,94000
1336,94000
1337,94000
1338,251700
1339,251700
1340,251700
1341,94000
1342,251700
1343,251700
1344,251700
1345,94000
1346,251700
1347,94000
1348,94000
1349,94000
1350,94000
1351,94000
1352,251700
1353,94000
1354,94000
1355,251700
1356,251700
1357,251700
1358,172850
1359,94000
1360,251700
1361,251700
1362,251700
1363,94000
1364,94000
1365,94000
1366,251700
1367,94000
1368,251700
1369,251700
1370,94000
1371,251700
1372,251700
1373,251700
1374,94000
1375,172850
1376,172850
1377,94000
1378,251700
1379,251700
1380,251700
1381,251700
1382,251700
1383,94000
1384,94000
1385,251700
1386,94000
1387,94000
1388,94000
1389,251700
1390,94000
1391,94000
1392,94000
1393,94000
1394,251700
1395,94000
1396,251700
1397,251700
1398,251700
1399,94000
1400,94000
1401,94000
1402,94000
1403,94000
1404,172850
1405,251700
1406,251700
1407,251700
1408,94000
1409,251700
1410,251700
1411,251700
1412,251700
1413,251700
1414,94000
1415,94000
1416,251700
1417,251700
1418,251700
1419,94000
1420,251700
1421,251700
1422,94000
1423,251700
1424,251700
1425,251700
1426,251700
1427,94000
1428,94000
1429,94000
1430,251700
1431,251700
1432,94000
1433,251700
1434,251700
1435,94000
1436,251700
1437,251700
1438,94000
1439,94000
1440,94000
1441,251700
1442,251700
1443,251700
1444,172850
1445,251700
1446,94000
1447,94000
1448,94000
1449,251700
1450,94000
1451,251700
1452,251700
1453,172850
1454,251700
1455,251700
1456,251700
1457,94000
1458,94000
1459,251700
1460,94000
1461,94000
1462,94000
1463,251700
1464,94000
1465,94000
1466,94000
1467,94000
1468,172850
1469,94000
1470,251700
1471,94000
1472,94000
1473,251700
1474,251700
1475,94000
1476,251700
1477,94000
1478,251700
1479,251700
1480,94000
1481,94000
1482,94000
1483,94000
1484,251700
1485,172850
1486,94000
1487,251700
1488,251700
1489,172850
1490,94000
1491,251700
1492,94000
1493,251700
1494,94000
1495,94000
1496,251700
1497,94000
1498,94000
1499,251700
1500,94000
1501,94000
1502,94000
1503,251700
1504,94000
1505,251700
1506,94000
1507,94000
1508,94000
1509,251700
1510,251700
1511,251700
1512,251700
1513,94000
1514,94000
1515,251700
1516,251700
1517,251700
1518,94000
1519,251700
1520,251700
1521,94000
1522,94000
1523,172850
1524,251700
1525,251700
1526,94000
1527,94000
1528,251700
1529,94000
1530,94000
1531,251700
1532,94000
1533,251700
1534,94000
1535,94000
1536,251700
1537,251700
1538,251700
1539,94000
1540,94000
1541,94000
1542,251700
1543,251700
1544,94000
1545,94000
1546,94000
1547,172850
1548,251700
1549,251700
1550,251700
1551,251700
1552,251700
1553,251700
1554,94000
1555,94000
1556,94000
1557,251700
1558,172850
1559,94000
1560,94000
1561,94000
1562,94000
1563,94000
1564,94000
1565,251700
1566,94000
1567,94000
1568,251700
1569,251700
1570,251700
1571,172850
1572,251700
1573,94000
1574,94000
1575,94000
1576,251700
1577,94000
1578,251700
1579,94000
1580,94000
1581,94000
1582,94000
1583,251700
1584,251700
1585,251700
1586,251700
1587,251700
1588,94000
1589,251700
1590,172850
1591,94000
1592,94000
1593,94000
1594,251700
1595,251700
1596,251700
1597,94000
1598,94000
1599,94000
1600,251700
1601,94000
1602,251700
1603,94000
1604,251700
1605,94000
1606,94000
1607,94000
1608,94000
1609,94000
1610,251700
1611,251700
1612,251700
1613,251700
1614,251700
1615,94000
1616,251700
1617,251700
1618,94000
1619,251700
1620,251700
1621,94000
1622,251700
1623,251700
1624,94000
1625,94000
1626,251700
1627,172850
1628,251700
1629,251700
1630,251700
1631,251700
1632,94000
1633,251700
1634,94000
1635,251700
1636,94000
1637,251700
1638,251700
1639,251700
1640,251700
1641,251700
1642,251700
1643,251700
1644,94000
1645,94000
1646,94000
1647,94000
1648,94000
1649,251700
1650,251700
1651,94000
1652,251700
1653,251700
1654,251700
1655,94000
1656,251700
1657,94000
1658,251700
1659,251700
1660,251700
1661,94000
1662,251700
1663,94000
1664,251700
1665,94000
1666,251700
1667,94000
1668,94000
1669,94000
1670,251700
1671,94000
1672,94000
1673,251700
1674,94000
1675,251700
1676,94000
1677,251700
1678,251700
1679,94000
1680,94000
1681,251700
1682,251700
1683,251700
1684,94000
1685,94000
1686,251700
1687,251700
1688,94000
1689,251700
1690,251700
1691,251700
1692,251700
1693,94000
1694,94000
1695,251700
1696,94000
1697,94000
1698,94000
1699,251700
1700,94000
1701,94000
1702,251700
1703,251700
1704,94000
1705,94000
1706,251700
1707,94000
1708,94000
1709,251700
1710,251700
1711,94000
1712,251700
1713,94000
1714,251700
1715,251700
1716,94000
1717,94000
1718,94000
1719,251700
1720,251700
1721,251700
1722,251700
1723,94000
1724,94000
1725,251700
1726,251700
1727,251700
1728,172850
1729,251700
1730,251700
1731,251700
1732,94000
1733,94000
1734,251700
1735,172850
1736,94000
1737,251700
1738,251700
1739,94000
1740,251700
1741,94000
1742,94000
1743,94000
1744,251700
1745,251700
1746,251700
1747,251700
1748,251700
1749,94000
1750,94000
1751,94000
1752,251700
1753,94000
1754,251700
1755,172850
1756,251700
1757,251700
1758,172850
1759,251700
1760,94000
1761,251700
1762,251700
1763,94000
1764,94000
1765,94000
1766,94000
1767,251700
1768,94000
1769,94000
1770,94000
1771,251700
1772,94000
1773,94000
1774,251700
1775,251700
1776,94000
1777,94000
1778,94000
1779,94000
1780,251700
1781,94000
1782,251700
1783,94000
1784,94000
1785,172850
1786,251700
1787,251700
1788,94000
1789,94000
1790,94000
1791,251700
1792,251700
1793,94000
1794,251700
1795,94000
1796,94000
1797,251700
1798,251700
1799,94000
1800,251700
1801,94000
1802,94000
1803,94000
1804,94000
1805,251700
1806,251700
1807,251700
1808,251700
1809,94000
1810,251700
1811,94000
1812,94000
1813,251700
1814,251700
1815,94000
1816,251700
1817,251700
1818,94000
1819,251700
1820,172850
1821,251700
1822,94000
1823,172850
1824,94000
1825,251700
1826,251700
1827,94000
1828,94000
1829,251700
1830,251700
1831,251700
1832,94000
1833,94000
1834,94000
1835,94000
1836,94000
1837,94000
1838,94000
1839,94000
1840,94000
1841,94000
1842,94000
1843,94000
1844,94000
1845,94000
1846,94000
1847,94000
1848,251700
1849,94000
1850,251700
1851,251700
1852,94000
1853,94000
1854,251700
1855,94000
1856,94000
1857,251700
1858,94000
1859,94000
1860,94000
1861,251700
1862,94000
1863,251700
1864,94000
1865,251700
1866,94000
1867,94000
1868,251700
1869,94000
1870,251700
1871,251700
1872,94000
1873,94000
1874,94000
1875,94000
1876,94000
1877,94000
1878,94000
1879,251700
1880,172850
1881,94000
1882,94000
1883,251700
1884,94000
1885,251700
1886,94000
1887,251700
1888,94000
1889,251700
1890,251700
1891,251700
1892,251700
1893,251700
1894,251700
1895,251700
1896,94000
1897,94000
1898,251700
1899,172850
1900,94000
1901,251700
1902,94000
1903,94000
1904,172850
1905,251700
1906,94000
1907,94000
1908,94000
1909,94000
1910,172850
1911,94000
1912,251700
1913,251700
1914,251700
1915,94000
1916,94000
1917,94000
1918,94000
1919,251700
1920,94000
1921,94000
1922,251700
1923,94000
1924,251700
1925,94000
1926,94000
1927,172850
1928,251700
1929,251700
1930,94000
1931,251700
1932,94000
1933,251700
1934,251700
1935,251700
1936,251700
1937,94000
1938,94000
1939,94000
1940,251700
1941,251700
1942,94000
1943,251700
1944,172850
1945,251700
1946,251700
1947,94000
1948,94000
1949,94000
1950,251700
1951,251700
1952,251700
1953,94000
1954,251700
1955,251700
1956,94000
1957,251700
1958,94000
1959,94000
1960,94000
1961,251700
1962,94000
1963,172850
1964,94000
1965,251700
1966,251700
1967,251700
1968,94000
1969,94000
1970,94000
1971,251700
1972,251700
1973,251700
1974,251700
1975,94000
1976,251700
1977,94000
1978,251700
1979,251700
1980,251700
1981,94000
1982,94000
1983,251700
1984,251700
1985,94000
1986,251700
1987,251700
1988,251700
1989,94000
1990,94000
1991,172850
1992,94000
1993,251700
1994,251700
1995,172850
1996,251700
1997,94000
1998,251700
1999,172850
2000,94000
2001,251700
2002,94000
2003,94000
2004,251700
2005,94000
2006,251700
2007,251700
2008,94000
2009,94000
2010,94000
2011,94000
2012,94000
2013,251700
2014,94000
2015,251700
2016,94000
2017,94000
2018,251700
2019,94000
2020,251700
2021,251700
2022,94000
2023,251700
2024,94000
2025,251700
2026,251700
2027,251700
2028,172850
2029,94000
2030,251700
2031,251700
2032,172850
2033,172850
2034,251700
2035,251700
2036,94000
2037,94000
2038,94000
2039,251700
2040,172850
2041,251700
2042,251700
2043,94000
2044,94000
2045,172850
2046,94000
2047,94000
2048,251700
2049,94000
2050,251700
2051,94000
2052,94000
2053,94000
2054,251700
2055,94000
2056,94000
2057,94000
2058,251700
2059,94000
2060,94000
2061,172850
2062,94000
2063,94000
2064,94000
2065,251700
2066,251700
2067,251700
2068,251700
2069,94000
2070,94000
2071,251700
2072,94000
2073,251700
2074,172850
2075,94000
2076,94000
2077,94000
2078,94000
2079,94000
2080,172850
2081,251700
2082,251700
2083,251700
2084,172850
2085,251700
2086,251700
2087,94000
2088,251700
2089,94000
2090,251700
2091,251700
2092,94000
2093,94000
2094,94000
2095,251700
2096,94000
2097,172850
2098,251700
2099,94000
2100,251700
2101,94000
2102,94000
2103,94000
2104,251700
2105,94000
2106,94000
2107,251700
2108,251700
2109,251700
2110,251700
2111,94000
2112,94000
2113,94000
2114,251700
2115,251700
2116,251700
2117,94000
2118,94000
2119,251700
2120,94000
2121,251700
2122,94000
2123,251700
2124,94000
2125,251700
2126,251700
2127,251700
2128,251700
2129,94000
2130,94000
2131,251700
2132,94000
2133,94000
2134,251700
2135,251700
2136,172850
2137,94000
2138,251700
2139,94000
2140,251700
2141,251700
2142,251700
2143,94000
2144,94000
2145,94000
2146,251700
2147,94000
2148,94000
2149,251700
2150,251700
2151,251700
2152,251700
2153,94000
2154,94000
2155,94000
2156,94000
2157,251700
2158,251700
2159,94000
2160,94000
2161,251700
2162,94000
2163,94000
2164,251700
2165,251700
2166,251700
2167,94000
2168,94000
2169,94000
2170,251700
2171,94000
2172,251700
2173,251700
2174,94000
2175,251700
2176,251700
2177,251700
2178,251700
2179,94000
2180,94000
2181,251700
2182,94000
2183,94000
2184,251700
2185,172850
2186,94000
2187,251700
2188,94000
2189,251700
2190,251700
2191,251700
2192,94000
2193,94000
2194,172850
2195,251700
2196,94000
2197,94000
2198,94000
2199,94000
2200,251700
2201,94000
2202,251700
2203,94000
2204,94000
2205,94000
2206,251700
2207,94000
2208,94000
2209,94000
2210,94000
2211,251700
2212,251700
2213,94000
2214,94000
2215,172850
2216,251700
2217,251700
2218,251700
2219,94000
2220,172850
2221,94000
2222,94000
2223,94000
2224,251700
2225,251700
2226,94000
2227,251700
2228,251700
2229,251700
2230,94000
2231,94000
2232,251700
2233,94000
2234,94000
2235,251700
2236,94000
2237,251700
2238,94000
2239,251700
2240,94000
2241,94000
2242,94000
2243,251700
2244,94000
2245,172850
2246,251700
2247,251700
2248,251700
2249,251700
2250,94000
2251,94000
2252,94000
2253,94000
2254,251700
2255,251700
2256,94000
2257,251700
2258,251700
2259,94000
2260,94000
2261,94000
2262,94000
2263,94000
2264,94000
2265,94000
2266,251700
2267,251700
2268,251700
2269,94000
2270,94000
2271,251700
2272,251700
2273,94000
2274,251700
2275,94000
2276,94000
2277,94000
2278,172850
2279,94000
2280,94000
2281,251700
2282,251700
2283,251700
2284,251700
2285,94000
2286,251700
2287,251700
2288,251700
2289,94000
2290,251700
2291,251700
2292,251700
2293,251700
2294,94000
2295,251700
2296,94000
2297,94000
2298,251700
2299,94000
2300,94000
2301,94000
2302,94000
2303,94000
2304,251700
2305,172850
2306,94000
2307,94000
2308,251700
2309,251700
2310,94000
2311,251700
2312,94000
2313,94000
2314,94000
2315,251700
2316,94000
2317,94000
2318,94000
2319,94000
2320,94000
2321,94000
2322,94000
2323,251700
2324,94000
2325,94000
2326,94000
2327,94000
2328,251700
2329,94000
2330,94000
2331,94000
2332,251700
2333,94000
2334,94000
2335,251700
2336,251700
2337,251700
2338,251700
2339,251700
2340,251700
2341,94000
2342,94000
2343,251700
2344,94000
2345,94000
2346,251700
2347,94000
2348,94000
2349,251700
2350,251700
2351,251700
2352,94000
2353,94000
2354,251700
2355,94000
2356,251700
2357,94000
2358,94000
2359,94000
2360,94000
2361,94000
2362,94000
2363,251700
2364,94000
2365,94000
2366,94000
2367,251700
2368,94000
2369,94000
2370,94000
2371,94000
2372,94000
2373,94000
2374,251700
2375,94000
2376,94000
2377,251700
2378,94000
2379,94000
2380,251700
2381,172850
2382,94000
2383,94000
2384,94000
2385,94000
2386,94000
2387,251700
2388,251700
2389,251700
2390,94000
2391,94000
2392,251700
2393,251700
2394,94000
2395,251700
2396,251700
2397,251700
2398,251700
2399,251700
2400,94000
2401,94000
2402,94000
2403,94000
2404,94000
2405,251700
2406,94000
2407,94000
2408,251700
2409,94000
2410,94000
2411,94000
2412,94000
2413,94000
2414,94000
2415,251700
2416,251700
2417,251700
2418,251700
2419,251700
2420,251700
2421,94000
2422,94000
2423,172850
2424,251700
2425,251700
2426,251700
2427,251700
2428,94000
2429,94000
2430,251700
2431,251700
2432,94000
2433,94000
2434,251700
2435,94000
2436,251700
2437,172850
2438,172850
2439,251700
2440,251700
2441,251700
2442,94000
2443,251700
2444,251700
2445,94000
2446,251700
2447,94000
2448,94000
2449,94000
2450,94000
2451,251700
2452,94000
2453,94000
2454,94000
2455,94000
2456,251700
2457,94000
2458,94000
2459,251700
2460,251700
2461,251700
2462,251700
2463,251700
2464,94000
2465,172850
2466,94000
2467,94000
2468,251700
2469,251700
2470,251700
2471,94000
2472,94000
2473,94000
2474,251700
2475,94000
2476,94000
2477,251700
2478,251700
2479,94000
2480,251700
2481,251700
2482,94000
2483,94000
2484,94000
2485,172850
2486,251700
2487,172850
2488,94000
2489,94000
2490,94000
2491,94000
2492,94000
2493,251700
2494,94000
2495,94000
2496,251700
2497,251700
2498,251700
2499,94000
2500,94000
2501,94000
2502,251700
2503,251700
2504,94000
2505,251700
2506,94000
2507,94000
2508,94000
2509,94000
2510,94000
2511,251700
2512,251700
2513,251700
2514,94000
2515,251700
2516,251700
2517,251700
2518,94000
2519,94000
2520,94000
2521,251700
2522,94000
2523,251700
2524,94000
2525,251700
2526,251700
2527,94000
2528,94000
2529,94000
2530,94000
2531,94000
2532,251700
2533,94000
2534,94000
2535,251700
2536,94000
2537,94000
2538,251700
2539,94000
2540,251700
2541,251700
2542,251700
2543,251700
2544,94000
2545,251700
2546,94000
2547,251700
2548,94000
2549,94000
2550,251700
2551,251700
2552,251700
2553,94000
2554,94000
2555,251700
2556,94000
2557,94000
2558,251700
2559,94000
2560,251700
2561,94000
2562,251700
2563,94000
2564,251700
2565,251700
2566,94000
2567,94000
2568,94000
2569,94000
2570,94000
2571,251700
2572,251700
2573,251700
2574,94000
2575,94000
2576,251700
2577,94000
2578,94000
2579,251700
2580,94000
2581,251700
2582,251700
2583,94000
2584,251700
2585,94000
2586,251700
2587,94000
2588,94000
2589,251700
2590,94000
2591,251700
2592,251700
2593,94000
2594,94000
2595,251700
2596,251700
2597,94000
2598,94000
2599,94000
2600,251700
2601,94000
2602,94000
2603,94000
2604,251700
2605,94000
2606,94000
2607,251700
2608,94000
2609,251700
2610,251700
2611,94000
2612,94000
2613,251700
2614,251700
2615,251700
2616,251700
2617,94000
2618,94000
2619,251700
2620,94000
2621,94000
2622,251700
2623,251700
2624,251700
2625,251700
2626,94000
2627,251700
2628,94000
2629,94000
2630,251700
2631,251700
2632,251700
2633,251700
2634,251700
2635,251700
2636,94000
2637,94000
2638,172850
2639,94000
2640,251700
2641,251700
2642,251700
2643,251700
2644,94000
2645,172850
2646,251700
2647,251700
2648,94000
2649,251700
2650,251700
2651,94000
2652,251700
2653,251700
2654,251700
2655,94000
2656,94000
2657,94000
2658,94000
2659,94000
2660,251700
2661,94000
2662,251700
2663,251700
2664,251700
2665,251700
2666,251700
2667,94000
2668,251700
2669,94000
2670,251700
2671,94000
2672,94000
2673,251700
2674,94000
2675,94000
2676,251700
2677,94000
2678,251700
2679,251700
2680,251700
2681,94000
2682,251700
2683,251700
2684,251700
2685,251700
2686,94000
2687,94000
2688,94000
2689,94000
2690,251700
2691,251700
2692,251700
2693,94000
2694,251700
2695,251700
2696,94000
2697,94000
2698,94000
2699,251700
2700,94000
2701,251700
2702,94000
2703,94000
2704,251700
2705,94000
2706,251700
2707,94000
2708,251700
2709,251700
2710,251700
2711,94000
2712,251700
2713,251700
2714,94000
2715,251700
2716,251700
2717,94000
2718,94000
2719,94000
2720,94000
2721,94000
2722,251700
2723,94000
2724,94000
2725,94000
2726,94000
2727,94000
2728,251700
2729,251700
2730,251700
2731,251700
2732,94000
2733,94000
2734,251700
2735,251700
2736,94000
2737,251700
2738,251700
2739,251700
2740,251700
2741,94000
2742,94000
2743,251700
2744,251700
2745,251700
2746,251700
2747,251700
2748,94000
2749,251700
2750,94000
2751,251700
2752,172850
2753,251700
2754,251700
2755,94000
2756,94000
2757,251700
2758,251700
2759,94000
2760,251700
2761,251700
2762,94000
2763,251700
2764,94000
2765,251700
2766,251700
2767,251700
2768,94000
2769,251700
2770,251700
2771,94000
2772,94000
2773,94000
2774,251700
2775,94000
2776,94000
2777,251700
2778,94000
2779,251700
2780,94000
2781,94000
2782,94000
2783,251700
2784,251700
2785,251700
2786,94000
2787,251700
2788,251700
2789,251700
2790,94000
2791,251700
2792,251700
2793,94000
2794,94000
2795,94000
2796,94000
2797,251700
2798,251700
2799,251700
2800,94000
2801,94000
2802,94000
2803,172850
2804,251700
2805,251700
2806,94000
2807,94000
2808,251700
2809,251700
2810,94000
2811,94000
2812,94000
2813,251700
2814,251700
2815,251700
2816,94000
2817,94000
2818,94000
2819,251700
2820,94000
2821,94000
2822,94000
2823,251700
2824,94000
2825,251700
2826,94000
2827,251700
2828,251700
2829,94000
2830,251700
2831,251700
2832,94000
2833,251700
2834,94000
2835,251700
2836,251700
2837,251700
2838,251700
2839,251700
2840,251700
2841,251700
2842,94000
2843,94000
2844,172850
2845,172850
2846,94000
2847,251700
2848,251700
2849,94000
2850,94000
2851,94000
2852,251700
2853,251700
2854,94000
2855,94000
2856,251700
2857,251700
2858,251700
2859,94000
2860,94000
2861,251700
2862,94000
2863,94000
2864,251700
2865,251700
2866,251700
2867,172850
2868,251700
2869,251700
2870,94000
2871,94000
2872,94000
2873,251700
2874,251700
2875,251700
2876,94000
2877,94000
2878,251700
2879,251700
2880,94000
2881,94000
2882,94000
2883,251700
2884,94000
2885,94000
2886,94000
2887,251700
2888,251700
2889,94000
2890,251700
2891,94000
2892,94000
2893,172850
2894,94000
2895,251700
2896,251700
2897,251700
2898,172850
2899,251700
2900,251700
2901,251700
2902,94000
2903,251700
2904,251700
2905,251700
2906,251700
2907,251700
2908,94000
2909,94000
2910,94000
2911,172850
2912,251700
2913,251700
2914,251700
2915,94000
2916,251700
2917,251700
2918,251700
2919,94000
2920,94000
2921,251700
2922,251700
2923,251700
2924,94000
2925,94000
2926,94000
2927,94000
2928,251700
2929,251700
2930,251700
2931,251700
2932,251700
2933,94000
2934,94000
2935,94000
2936,251700
2937,251700
2938,251700
2939,94000
2940,251700
2941,94000
2942,94000
2943,251700
2944,251700
2945,251700
2946,251700
2947,94000
2948,251700
2949,94000
2950,94000
2951,94000
2952,94000
2953,251700
2954,251700
2955,251700
2956,94000
2957,251700
2958,94000
2959,251700
2960,94000
2961,94000
2962,94000
2963,94000
2964,94000
2965,251700
2966,251700
2967,94000
2968,251700
2969,94000
2970,94000
2971,251700
2972,172850
2973,251700
2974,251700
2975,94000
2976,251700
2977,94000
2978,94000
2979,94000
2980,251700
2981,94000
2982,172850
2983,94000
2984,251700
2985,251700
2986,251700
2987,251700
2988,94000
2989,251700
2990,94000
2991,172850
2992,94000
2993,94000
2994,251700
2995,172850
2996,251700
2997,94000
2998,94000
2999,94000
3000,251700
3001,94000
3002,251700
3003,94000
3004,251700
3005,251700
3006,94000
3007,94000
3008,94000
3009,94000
3010,94000
3011,94000
3012,251700
3013,94000
3014,94000
3015,94000
3016,251700
3017,251700
3018,94000
3019,94000
3020,94000
3021,251700
3022,251700
3023,94000
3024,251700
3025,251700
3026,172850
3027,94000
3028,94000
3029,94000
3030,251700
3031,251700
3032,251700
3033,251700
3034,94000
3035,94000
3036,251700
3037,251700
3038,94000
3039,251700
3040,251700
3041,251700
3042,94000
3043,251700
3044,94000
3045,172850
3046,94000
3047,94000
3048,94000
3049,94000
3050,94000
3051,94000
3052,251700
3053,94000
3054,94000
3055,94000
3056,94000
3057,251700
3058,94000
3059,251700
3060,94000
3061,251700
3062,251700
3063,251700
3064,251700
3065,94000
3066,94000
3067,94000
3068,251700
3069,94000
3070,94000
3071,94000
3072,251700
3073,251700
3074,94000
3075,94000
3076,251700
3077,251700
3078,94000
3079,94000
3080,94000
3081,251700
3082,94000
3083,172850
3084,94000
3085,94000
3086,94000
3087,251700
3088,251700
3089,94000
3090,251700
3091,94000
3092,94000
3093,251700
3094,94000
3095,94000
3096,94000
3097,251700
3098,94000
3099,251700
3100,251700
3101,94000
3102,172850
3103,94000
3104,172850
3105,94000
3106,251700
3107,94000
3108,251700
3109,251700
3110,94000
3111,94000
3112,94000
3113,251700
3114,94000
3115,94000
3116,251700
3117,251700
3118,94000
3119,251700
3120,251700
3121,94000
3122,94000
3123,94000
3124,94000
3125,251700
3126,94000
3127,94000
3128,94000
3129,94000
3130,251700
3131,251700
3132,251700
3133,251700
3134,172850
3135,251700
3136,94000
3137,251700
3138,94000
3139,94000
3140,251700
3141,94000
3142,94000
3143,251700
3144,94000
3145,94000
3146,251700
3147,94000
3148,94000
3149,172850
3150,94000
3151,251700
3152,94000
3153,251700
3154,94000
3155,251700
3156,251700
3157,251700
3158,94000
3159,172850
3160,251700
3161,94000
3162,94000
3163,172850
3164,94000
3165,94000
3166,94000
3167,251700
3168,94000
3169,94000
3170,251700
3171,251700
3172,94000
3173,251700
3174,94000
3175,94000
3176,251700
3177,94000
3178,94000
3179,94000
3180,251700
3181,251700
3182,251700
3183,94000
3184,251700
3185,172850
3186,94000
3187,251700
3188,251700
3189,94000
3190,94000
3191,94000
3192,94000
3193,94000
3194,94000
3195,94000
3196,94000
3197,94000
3198,251700
3199,172850
3200,94000
3201,251700
3202,251700
3203,251700
3204,251700
3205,94000
3206,94000
3207,251700
3208,94000
3209,251700
3210,172850
3211,94000
3212,94000
3213,94000
3214,251700
3215,172850
3216,94000
3217,94000
3218,251700
3219,251700
3220,94000
3221,94000
3222,94000
3223,251700
3224,94000
3225,251700
3226,251700
3227,94000
3228,94000
3229,94000
3230,251700
3231,94000
3232,251700
3233,251700
3234,251700
3235,94000
3236,251700
3237,94000
3238,251700
3239,94000
3240,94000
3241,251700
3242,94000
3243,251700
3244,251700
3245,251700
3246,94000
3247,94000
3248,94000
3249,94000
3250,251700
3251,94000
3252,251700
3253,251700
3254,251700
3255,94000
3256,94000
3257,251700
3258,251700
3259,172850
3260,94000
3261,94000
3262,251700
3263,94000
3264,251700
3265,94000
3266,251700
3267,94000
3268,94000
3269,94000
3270,94000
3271,94000
3272,251700
3273,251700
3274,94000
3275,94000
3276,94000
3277,251700
3278,251700
3279,251700
3280,251700
3281,94000
3282,251700
3283,251700
3284,94000
3285,94000
3286,251700
3287,251700
3288,94000
3289,94000
3290,251700
3291,94000
3292,251700
3293,251700
3294,251700
3295,94000
3296,251700
3297,94000
3298,251700
3299,94000
3300,251700
3301,94000
3302,251700
3303,251700
3304,94000
3305,94000
3306,251700
3307,251700
3308,94000
3309,94000
3310,94000
3311,251700
3312,94000
3313,94000
3314,251700
3315,251700
3316,94000
3317,94000
3318,94000
3319,251700
3320,94000
3321,94000
3322,251700
3323,94000
3324,94000
3325,251700
3326,251700
3327,94000
3328,94000
3329,94000
3330,251700
3331,251700
3332,94000
3333,251700
3334,94000
3335,94000
3336,94000
3337,94000
3338,251700
3339,251700
3340,251700
3341,94000
3342,251700
3343,251700
3344,251700
3345,251700
3346,94000
3347,251700
3348,94000
3349,172850
3350,94000
3351,94000
3352,251700
3353,94000
3354,251700
3355,94000
3356,251700
3357,94000
3358,251700
3359,94000
3360,94000
3361,251700
3362,251700
3363,94000
3364,251700
3365,94000
3366,251700
3367,94000
3368,94000
3369,94000
3370,94000
3371,172850
3372,94000
3373,251700
3374,251700
3375,251700
3376,94000
3377,94000
3378,251700
3379,251700
3380,94000
3381,251700
3382,94000
3383,251700
3384,251700
3385,251700
3386,251700
3387,94000
3388,94000
3389,251700
3390,251700
3391,251700
3392,251700
3393,251700
3394,251700
3395,94000
3396,94000
3397,251700
3398,94000
3399,94000
3400,251700
3401,94000
3402,94000
3403,251700
3404,251700
3405,251700
3406,251700
3407,251700
3408,251700
3409,94000
3410,251700
3411,94000
3412,94000
3413,251700
3414,251700
3415,94000
3416,172850
3417,251700
3418,251700
3419,94000
3420,94000
3421,94000
3422,251700
3423,94000
3424,94000
3425,251700
3426,94000
3427,251700
3428,94000
3429,94000
3430,94000
3431,251700
3432,94000
3433,172850
3434,94000
3435,251700
3436,251700
3437,251700
3438,94000
3439,94000
3440,94000
3441,251700
3442,94000
3443,251700
3444,251700
3445,94000
3446,94000
3447,251700
3448,94000
3449,251700
3450,94000
3451,251700
3452,251700
3453,94000
3454,94000
3455,251700
3456,251700
3457,94000
3458,94000
3459,251700
3460,251700
3461,94000
3462,94000
3463,251700
3464,251700
3465,94000
3466,94000
3467,94000
3468,94000
3469,251700
3470,94000
3471,94000
3472,251700
3473,94000
3474,94000
3475,251700
3476,94000
3477,251700
3478,251700
3479,94000
3480,94000
3481,94000
3482,251700
3483,94000
3484,251700
3485,94000
3486,251700
3487,94000
3488,94000
3489,94000
3490,94000
3491,94000
3492,94000
3493,251700
3494,251700
3495,251700
3496,251700
3497,251700
3498,94000
3499,251700
3500,251700
3501,251700
3502,251700
3503,251700
3504,94000
3505,251700
3506,251700
3507,251700
3508,251700
3509,251700
3510,94000
3511,251700
3512,94000
3513,94000
3514,94000
3515,94000
3516,94000
3517,251700
3518,94000
3519,251700
3520,251700
3521,251700
3522,251700
3523,251700
3524,94000
3525,251700
3526,94000
3527,94000
3528,251700
3529,94000
3530,251700
3531,251700
3532,251700
3533,251700
3534,251700
3535,94000
3536,251700
3537,94000
3538,94000
3539,94000
3540,94000
3541,251700
3542,94000
3543,251700
3544,251700
3545,94000
3546,251700
3547,251700
3548,251700
3549,251700
3550,94000
3551,94000
3552,251700
3553,94000
3554,251700
3555,251700
3556,251700
3557,251700
3558,251700
3559,94000
3560,251700
3561,94000
3562,251700
3563,251700
3564,251700
3565,94000
3566,251700
3567,94000
3568,94000
3569,251700
3570,94000
3571,94000
3572,94000
3573,94000
3574,251700
3575,94000
3576,251700
3577,251700
3578,172850
3579,251700
3580,251700
3581,251700
3582,251700
3583,94000
3584,251700
3585,251700
3586,94000
3587,251700
3588,251700
3589,94000
3590,251700
3591,251700
3592,94000
3593,94000
3594,94000
3595,94000
3596,94000
3597,94000
3598,251700
3599,172850
3600,94000
3601,94000
3602,94000
3603,94000
3604,251700
3605,94000
3606,251700
3607,94000
3608,94000
3609,251700
3610,94000
3611,94000
3612,251700
3613,251700
3614,94000
3615,94000
3616,94000
3617,251700
3618,251700
3619,94000
3620,94000
3621,94000
3622,172850
3623,94000
3624,251700
3625,251700
3626,251700
3627,94000
3628,94000
3629,94000
3630,172850
3631,94000
3632,94000
3633,94000
3634,251700
3635,94000
3636,251700
3637,251700
3638,94000
3639,172850
3640,172850
3641,94000
3642,251700
3643,94000
3644,94000
3645,251700
3646,251700
3647,172850
3648,94000
3649,251700
3650,251700
3651,94000
3652,251700
3653,94000
3654,251700
3655,94000
3656,94000
3657,94000
3658,251700
3659,94000
3660,94000
3661,94000
3662,94000
3663,94000
3664,251700
3665,94000
3666,251700
3667,94000
3668,251700
3669,251700
3670,251700
3671,94000
3672,251700
3673,251700
3674,94000
3675,172850
3676,251700
3677,251700
3678,94000
3679,94000
3680,251700
3681,251700
3682,251700
3683,251700
3684,251700
3685,94000
3686,172850
3687,251700
3688,251700
3689,251700
3690,251700
3691,94000
3692,94000
3693,94000
3694,94000
3695,251700
3696,94000
3697,94000
3698,94000
3699,251700
3700,94000
3701,251700
3702,251700
3703,94000
3704,251700
3705,94000
3706,94000
3707,94000
3708,251700
3709,94000
3710,94000
3711,94000
3712,251700
3713,94000
3714,251700
3715,172850
3716,94000
3717,94000
3718,94000
3719,94000
3720,251700
3721,94000
3722,94000
3723,251700
3724,94000
3725,94000
3726,251700
3727,251700
3728,172850
3729,94000
3730,251700
3731,94000
3732,251700
3733,251700
3734,94000
3735,94000
3736,94000
3737,251700
3738,251700
3739,94000
3740,94000
3741,251700
3742,94000
3743,251700
3744,251700
3745,251700
3746,251700
3747,94000
3748,94000
3749,251700
3750,251700
3751,251700
3752,94000
3753,251700
3754,251700
3755,94000
3756,251700
3757,94000
3758,251700
3759,251700
3760,251700
3761,251700
3762,94000
3763,94000
3764,251700
3765,172850
3766,251700
3767,94000
3768,251700
3769,94000
3770,251700
3771,94000
3772,251700
3773,94000
3774,251700
3775,94000
3776,251700
3777,251700
3778,94000
3779,94000
3780,94000
3781,251700
3782,94000
3783,251700
3784,94000
3785,94000
3786,251700
3787,251700
3788,251700
3789,251700
3790,94000
3791,94000
3792,94000
3793,251700
3794,94000
3795,251700
3796,94000
3797,94000
3798,251700
3799,94000
3800,251700
3801,251700
3802,94000
3803,94000
3804,94000
3805,251700
3806,251700
3807,172850
3808,251700
3809,251700
3810,251700
3811,251700
3812,251700
3813,94000
3814,251700
3815,94000
3816,251700
3817,94000
3818,251700
3819,94000
3820,94000
3821,251700
3822,251700
3823,172850
3824,251700
3825,94000
3826,172850
3827,251700
3828,94000
3829,94000
3830,94000
3831,251700
3832,94000
3833,94000
3834,251700
3835,251700
3836,251700
3837,251700
3838,94000
3839,94000
3840,94000
3841,94000
3842,94000
3843,251700
3844,94000
3845,94000
3846,251700
3847,94000
3848,94000
3849,94000
3850,251700
3851,94000
3852,251700
3853,94000
3854,94000
3855,251700
3856,94000
3857,94000
3858,94000
3859,251700
3860,94000
3861,94000
3862,251700
3863,94000
3864,94000
3865,251700
3866,94000
3867,251700
3868,94000
3869,94000
3870,94000
3871,94000
3872,251700
3873,94000
3874,94000
3875,251700
3876,251700
3877,251700
3878,251700
3879,94000
3880,251700
3881,94000
3882,94000
3883,251700
3884,251700
3885,94000
3886,94000
3887,251700
3888,251700
3889,94000
3890,251700
3891,251700
3892,94000
3893,251700
3894,94000
3895,94000
3896,251700
3897,251700
3898,251700
3899,251700
3900,251700
3901,94000
3902,251700
3903,94000
3904,94000
3905,94000
3906,94000
3907,94000
3908,251700
3909,94000
3910,251700
3911,94000
3912,94000
3913,251700
3914,251700
3915,251700
3916,94000
3917,251700
3918,94000
3919,251700
3920,94000
3921,94000
3922,94000
3923,251700
3924,251700
3925,251700
3926,94000
3927,172850
3928,94000
3929,251700
3930,94000
3931,251700
3932,251700
3933,251700
3934,251700
3935,251700
3936,251700
3937,94000
3938,251700
3939,251700
3940,251700
3941,251700
3942,251700
3943,94000
3944,251700
3945,251700
3946,251700
3947,94000
3948,251700
3949,94000
3950,172850
3951,94000
3952,94000
3953,251700
3954,251700
3955,94000
3956,251700
3957,94000
3958,94000
3959,251700
3960,251700
3961,94000
3962,251700
3963,251700
3964,94000
3965,94000
3966,94000
3967,251700
3968,251700
3969,251700
3970,94000
3971,94000
3972,94000
3973,251700
3974,251700
3975,251700
3976,172850
3977,251700
3978,94000
3979,251700
3980,251700
3981,251700
3982,94000
3983,251700
3984,94000
3985,94000
3986,251700
3987,94000
3988,251700
3989,94000
3990,172850
3991,94000
3992,251700
3993,251700
3994,251700
3995,251700
3996,94000
3997,94000
3998,251700
3999,251700
4000,172850
4001,251700
4002,251700
4003,251700
4004,251700
4005,251700
4006,94000
4007,251700
4008,94000
4009,251700
4010,94000
4011,94000
4012,251700
4013,251700
4014,94000
4015,94000
4016,251700
4017,94000
4018,94000
4019,251700
4020,94000
4021,251700
4022,251700
4023,251700
4024,251700
4025,172850
4026,251700
4027,94000
4028,94000
4029,251700
4030,251700
4031,251700
4032,94000
4033,94000
4034,251700
4035,94000
4036,251700
4037,94000
4038,94000
4039,251700
4040,94000
4041,94000
4042,251700
4043,251700
4044,94000
4045,94000
4046,94000
4047,94000
4048,251700
4049,251700
4050,251700
4051,94000
4052,94000
4053,94000
4054,94000
4055,251700
4056,251700
4057,251700
4058,94000
4059,94000
4060,94000
4061,251700
4062,251700
4063,251700
4064,251700
4065,94000
4066,94000
4067,251700
4068,251700
4069,94000
4070,251700
4071,251700
4072,94000
4073,94000
4074,94000
4075,94000
4076,251700
4077,94000
4078,251700
4079,251700
4080,94000
4081,94000
4082,251700
4083,94000
4084,251700
4085,94000
4086,251700
4087,94000
4088,251700
4089,94000
4090,172850
4091,251700
4092,94000
4093,94000
4094,94000
4095,172850
4096,94000
4097,94000
4098,172850
4099,94000
4100,251700
4101,251700
4102,251700
4103,94000
4104,94000
4105,94000
4106,94000
4107,172850
4108,251700
4109,94000
4110,94000
4111,94000
4112,94000
4113,94000
4114,94000
4115,94000
4116,251700
4117,94000
4118,94000
4119,94000
4120,94000
4121,94000
4122,251700
4123,94000
4124,94000
4125,94000
4126,251700
4127,94000
4128,251700
4129,94000
4130,94000
4131,94000
4132,251700
4133,251700
4134,251700
4135,94000
4136,251700
4137,94000
4138,94000
4139,172850
4140,94000
4141,251700
4142,251700
4143,94000
4144,251700
4145,251700
4146,94000
4147,251700
4148,94000
4149,94000
4150,251700
4151,94000
4152,251700
4153,94000
4154,94000
4155,94000
4156,94000
4157,251700
4158,251700
4159,94000
4160,251700
4161,94000
4162,94000
4163,251700
4164,94000
4165,94000
4166,94000
4167,251700
4168,251700
4169,251700
4170,94000
4171,94000
4172,251700
4173,251700
4174,94000
4175,94000
4176,94000
4177,251700
4178,251700
4179,251700
4180,251700
4181,94000
4182,251700
4183,251700
4184,251700
4185,251700
4186,251700
4187,94000
4188,94000
4189,94000
4190,251700
4191,251700
4192,94000
4193,94000
4194,94000
4195,251700
4196,94000
4197,172850
4198,94000
4199,172850
4200,251700
4201,251700
4202,251700
4203,172850
4204,251700
4205,94000
4206,94000
4207,94000
4208,94000
4209,94000
4210,94000
4211,251700
4212,94000
4213,94000
4214,251700
4215,94000
4216,251700
4217,94000
4218,94000
4219,172850
4220,94000
4221,94000
4222,251700
4223,94000
4224,251700
4225,94000
4226,251700
4227,94000
4228,251700
4229,251700
4230,172850
4231,251700
4232,251700
4233,94000
4234,94000
4235,251700
4236,94000
4237,94000
4238,251700
4239,94000
4240,251700
4241,94000
4242,94000
4243,94000
4244,251700
4245,94000
4246,251700
4247,251700
4248,251700
4249,251700
4250,94000
4251,94000
4252,251700
4253,251700
4254,251700
4255,251700
4256,251700
4257,251700
4258,251700
4259,94000
4260,94000
4261,251700
4262,172850
4263,251700
4264,251700
4265,94000
4266,251700
4267,94000
4268,94000
4269,94000
4270,251700
4271,94000
4272,251700
4273,94000
4274,251700
4275,251700
4276,251700
4277,94000
4278,172850
4279,94000
4280,251700
4281,251700
4282,94000
4283,172850
4284,94000
4285,94000
4286,94000
4287,94000
4288,94000
4289,251700
4290,251700
4291,251700
4292,94000
4293,251700
4294,94000
4295,94000
4296,251700
4297,251700
4298,94000
4299,94000
4300,172850
4301,251700
4302,94000
4303,172850
4304,94000
4305,172850
4306,251700
4307,94000
4308,94000
4309,251700
4310,94000
4311,251700
4312,251700
4313,94000
4314,251700
4315,94000
4316,94000
4317,251700
4318,94000
4319,94000
4320,251700
4321,94000
4322,172850
4323,94000
4324,94000
4325,94000
4326,251700
4327,251700
4328,251700
4329,251700
4330,94000
4331,251700
4332,251700
4333,94000
4334,172850
4335,251700
4336,251700
4337,251700
4338,251700
4339,251700
4340,94000
4341,94000
4342,94000
4343,251700
4344,251700
4345,94000
4346,94000
4347,251700
4348,251700
4349,251700
4350,251700
4351,251700
4352,94000
4353,251700
4354,94000
4355,251700
4356,94000
4357,251700
4358,94000
4359,94000
4360,94000
4361,94000
4362,251700
4363,251700
4364,94000
4365,94000
4366,94000
4367,251700
4368,94000
4369,251700
4370,251700
4371,251700
4372,172850
4373,251700
4374,94000
4375,251700
4376,94000
4377,94000
4378,94000
4379,251700
4380,251700
4381,94000
4382,94000
4383,251700
4384,94000
4385,251700
4386,94000
4387,94000
4388,251700
4389,251700
4390,251700
4391,94000
4392,251700
4393,94000
4394,94000
4395,251700
4396,251700
4397,94000
4398,251700
4399,94000
4400,251700
4401,251700
4402,94000
4403,94000
4404,94000
4405,172850
4406,251700
4407,94000
4408,251700
4409,94000
4410,251700
4411,94000
4412,94000
4413,251700
4414,94000
4415,94000
4416,251700
4417,94000
4418,94000
4419,94000
4420,94000
4421,251700
4422,94000
4423,251700
4424,94000
4425,94000
4426,94000
4427,251700
4428,251700
4429,172850
4430,251700
4431,251700
4432,251700
4433,251700
4434,251700
4435,94000
4436,94000
4437,94000
4438,94000
4439,94000
4440,94000
4441,94000
4442,94000
4443,94000
4444,251700
4445,251700
4446,94000
4447,94000
4448,94000
4449,94000
4450,94000
4451,251700
4452,94000
4453,94000
4454,251700
4455,251700
4456,251700
4457,94000
4458,251700
4459,251700
4460,251700
4461,94000
4462,251700
4463,94000
4464,251700
4465,172850
4466,251700
4467,251700
4468,94000
4469,94000
4470,251700
4471,94000
4472,251700
4473,94000
4474,251700
4475,94000
4476,251700
4477,251700
4478,94000
4479,251700
4480,94000
4481,94000
4482,251700
4483,251700
4484,94000
4485,251700
4486,94000
4487,251700
4488,251700
4489,251700
4490,94000
4491,94000
4492,251700
4493,94000
4494,94000
4495,251700
4496,94000
4497,251700
4498,251700
4499,94000
4500,172850
4501,94000
4502,94000
4503,251700
4504,251700
4505,251700
4506,94000
4507,251700
4508,251700
4509,94000
4510,94000
4511,94000
4512,94000
4513,251700
4514,94000
4515,251700
4516,94000
4517,94000
4518,172850
4519,251700
4520,94000
4521,94000
4522,94000
4523,94000
4524,94000
4525,251700
4526,94000
4527,94000
4528,94000
4529,251700
4530,94000
4531,94000
4532,251700
4533,251700
4534,94000
4535,94000
4536,94000
4537,94000
4538,251700
4539,94000
4540,251700
4541,251700
4542,251700
4543,94000
4544,251700
4545,251700
4546,251700
4547,94000
4548,251700
4549,251700
4550,251700
4551,94000
4552,94000
4553,251700
4554,94000
4555,251700
4556,94000
4557,94000
4558,251700
4559,172850
4560,94000
4561,251700
4562,94000
4563,94000
4564,251700
4565,94000
4566,251700
4567,251700
4568,94000
4569,94000
4570,251700
4571,172850
4572,94000
4573,94000
4574,251700
4575,94000
4576,251700
4577,94000
4578,94000
4579,94000
4580,94000
4581,94000
4582,251700
4583,251700
4584,94000
4585,251700
4586,251700
4587,94000
4588,251700
4589,94000
4590,94000
4591,251700
4592,251700
4593,251700
4594,94000
4595,94000
4596,94000
4597,251700
4598,94000
4599,251700
4600,94000
4601,251700
4602,251700
4603,172850
4604,251700
4605,251700
4606,94000
4607,94000
4608,94000
4609,251700
4610,251700
4611,251700
4612,94000
4613,251700
4614,251700
4615,251700
4616,94000
4617,94000
4618,251700
4619,251700
4620,94000
4621,251700
4622,251700
4623,94000
4624,94000
4625,94000
4626,94000
4627,251700
4628,94000
4629,251700
4630,251700
4631,94000
4632,94000
4633,251700
4634,94000
4635,94000
4636,94000
4637,251700
4638,251700
4639,94000
4640,94000
4641,251700
4642,94000
4643,251700
4644,251700
4645,251700
4646,94000
4647,251700
4648,251700
4649,251700
4650,94000
4651,94000
4652,251700
4653,251700
4654,251700
4655,94000
4656,94000
4657,251700
4658,172850
4659,251700
4660,251700
4661,94000
4662,94000
4663,251700
4664,94000
4665,251700
4666,94000
4667,94000
4668,94000
4669,251700
4670,251700
4671,94000
4672,251700
4673,251700
4674,94000
4675,251700
4676,251700
4677,94000
4678,94000
4679,251700
4680,94000
4681,251700
4682,251700
4683,94000
4684,94000
4685,251700
4686,251700
4687,251700
4688,94000
4689,94000
4690,172850
4691,94000
4692,251700
4693,251700
4694,94000
4695,251700
4696,94000
4697,94000
4698,94000
4699,251700
4700,94000
4701,94000
4702,94000
4703,94000
4704,94000
4705,251700
4706,251700
4707,94000
4708,251700
4709,251700
4710,251700
4711,94000
4712,251700
4713,94000
4714,94000
4715,94000
4716,94000
4717,251700
4718,251700
4719,94000
4720,251700
4721,251700
4722,251700
4723,94000
4724,251700
4725,251700
4726,94000
4727,172850
4728,94000
4729,251700
4730,251700
4731,94000
4732,94000
4733,94000
4734,94000
4735,251700
4736,94000
4737,94000
4738,251700
4739,94000
4740,94000
4741,94000
4742,251700
4743,94000
4744,251700
4745,251700
4746,251700
4747,94000
4748,251700
4749,94000
4750,94000
4751,251700
4752,172850
4753,251700
4754,251700
4755,172850
4756,94000
4757,94000
4758,251700
4759,251700
4760,251700
4761,251700
4762,94000
4763,251700
4764,94000
4765,251700
4766,251700
4767,94000
4768,251700
4769,251700
4770,251700
4771,251700
4772,94000
4773,94000
4774,251700
4775,94000
4776,251700
4777,251700
4778,94000
4779,251700
4780,251700
4781,94000
4782,251700
4783,251700
4784,251700
4785,251700
4786,94000
4787,251700
4788,94000
4789,94000
4790,251700
4791,251700
4792,94000
4793,251700
4794,94000
4795,94000
4796,94000
4797,251700
4798,94000
4799,94000
4800,94000
4801,94000
4802,94000
4803,94000
4804,94000
4805,94000
4806,251700
4807,251700
4808,94000
4809,172850
4810,251700
4811,94000
4812,251700
4813,251700
4814,251700
4815,94000
4816,251700
4817,251700
4818,94000
4819,94000
4820,251700
4821,94000
4822,94000
4823,251700
4824,251700
4825,94000
4826,94000
4827,251700
4828,251700
4829,251700
4830,251700
4831,94000
4832,94000
4833,251700
4834,94000
4835,251700
4836,251700
4837,251700
4838,251700
4839,94000
4840,251700
4841,172850
4842,251700
4843,94000
4844,251700
4845,251700
4846,251700
4847,94000
4848,94000
4849,94000
4850,172850
4851,94000
4852,251700
4853,251700
4854,251700
4855,251700
4856,172850
4857,251700
4858,94000
4859,251700
4860,251700
4861,251700
4862,94000
4863,251700
4864,251700
4865,251700
4866,251700
4867,251700
4868,172850
4869,94000
4870,94000
4871,94000
4872,251700
4873,251700
4874,94000
4875,94000
4876,94000
4877,94000
4878,94000
4879,251700
4880,251700
4881,94000
4882,251700
4883,251700
4884,251700
4885,251700
4886,251700
4887,251700
4888,94000
4889,251700
4890,251700
4891,251700
4892,251700
4893,251700
4894,251700
4895,172850
4896,94000
4897,251700
4898,251700
4899,94000
4900,94000
4901,94000
4902,94000
4903,251700
4904,251700
4905,94000
4906,251700
4907,251700
4908,94000
4909,251700
4910,251700
4911,94000
4912,251700
4913,94000
4914,94000
4915,94000
4916,251700
4917,172850
4918,94000
4919,94000
4920,94000
4921,251700
4922,172850
4923,251700
4924,94000
4925,94000
4926,251700
4927,94000
4928,94000
4929,94000
4930,94000
4931,251700
4932,94000
4933,251700
4934,251700
4935,94000
4936,251700
4937,251700
4938,94000
4939,251700
4940,94000
4941,94000
4942,251700
4943,251700
4944,94000
4945,251700
4946,94000
4947,94000
4948,251700
4949,94000
4950,172850
4951,251700
4952,94000
4953,251700
4954,251700
4955,94000
4956,94000
4957,94000
4958,94000
4959,94000
4960,94000
4961,94000
4962,251700
4963,251700
4964,94000
4965,251700
4966,94000
4967,94000
4968,94000
4969,94000
4970,94000
4971,94000
4972,94000
4973,94000
4974,94000
4975,251700
4976,172850
4977,251700
4978,94000
4979,94000
4980,94000
4981,94000
4982,94000
4983,251700
4984,94000
4985,251700
4986,94000
4987,94000
4988,94000
4989,94000
4990,251700
4991,94000
4992,94000
4993,251700
4994,251700
4995,94000
4996,251700
4997,94000
4998,251700
4999,251700
5000,172850
