0,94000
1,251700
2,251700
3,251700
4,251700
5,94000
6,251700
7,94000
8,251700
9,251700
10,94000
11,94000
12,94000
13,251700
14,251700
15,251700
16,251700
17,94000
18,94000
19,94000
20,251700
21,251700
22,94000
23,251700
24,94000
25,251700
26,251700
27,94000
28,94000
29,94000
30,251700
31,94000
32,94000
33,251700
34,94000
35,251700
36,94000
37,251700
38,251700
39,251700
40,251700
41,94000
42,94000
43,94000
44,94000
45,251700
46,251700
47,251700
48,251700
49,94000
50,251700
51,251700
52,94000
53,251700
54,94000
55,94000
56,251700
57,251700
58,94000
59,94000
60,94000
61,172850
62,94000
63,94000
64,94000
65,172850
66,251700
67,172850
68,251700
69,251700
70,94000
71,94000
72,94000
73,251700
74,251700
75,94000
76,251700
77,251700
78,94000
79,251700
80,94000
81,94000
82,251700
83,251700
84,94000
85,94000
86,94000
87,94000
88,94000
89,251700
90,94000
91,251700
92,94000
93,251700
94,251700
95,94000
96,251700
97,251700
98,94000
99,94000
100,251700
101,251700
102,251700
103,251700
104,251700
105,251700
106,94000
107,94000
108,251700
109,94000
110,251700
111,251700
112,251700
113,172850
114,172850
115,94000
116,94000
117,251700
118,251700
119,94000
120,94000
121,94000
122,172850
123,172850
124,251700
125,172850
126,94000
127,94000
128,251700
129,251700
130,94000
131,94000
132,94000
133,94000
134,94000
135,251700
136,94000
137,251700
138,251700
139,94000
140,94000
141,251700
142,251700
143,251700
144,94000
145,251700
146,94000
147,94000
148,251700
149,94000
150,94000
151,251700
152,251700
153,94000
154,94000
155,94000
156,172850
157,251700
158,94000
159,94000
160,94000
161,251700
162,251700
163,94000
164,251700
165,94000
166,94000
167,94000
168,251700
169,251700
170,94000
171,94000
172,94000
173,251700
174,94000
175,172850
176,94000
177,251700
178,251700
179,94000
180,94000
181,94000
182,251700
183,94000
184,251700
185,251700
186,94000
187,94000
188,94000
189,251700
190,94000
191,251700
192,94000
193,94000
194,94000
195,251700
196,94000
197,94000
198,94000
199,251700
200,172850
201,251700
202,94000
203,251700
204,251700
205,94000
206,251700
207,172850
208,94000
209,251700
210,94000
211,251700
212,251700
213,251700
214,251700
215,251700
216,251700
217,94000
218,251700
219,251700
220,251700
221,251700
222,94000
223,94000
224,251700
225,251700
226,251700
227,94000
228,94000
229,251700
230,251700
231,251700
232,251700
233,251700
234,251700
235,251700
236,94000
237,94000
238,94000
239,94000
240,251700
241,94000
242,251700
243,251700
244,251700
245,94000
246,94000
247,251700
248,94000
249,251700
250,94000
251,251700
252,94000
253,251700
254,94000
255,94000
256,94000
257,94000
258,94000
259,251700
260,94000
261,172850
262,94000
263,251700
264,251700
265,251700
266,251700
267,251700
268,94000
269,251700
270,94000
271,251700
272,251700
273,251700
274,94000
275,251700
276,94000
277,251700
278,251700
279,251700
280,251700
281,251700
282,94000
283,94000
284,251700
285,251700
286,94000
287,94000
288,251700
289,94000
290,172850
291,94000
292,251700
293,94000
294,94000
295,94000
296,94000
297,94000
298,251700
299,251700
300,251700
301,251700
302,94000
303,94000
304,94000
305,251700
306,251700
307,251700
308,94000
309,94000
310,94000
311,94000
312,94000
313,94000
314,251700
315,251700
316,94000
317,251700
318,251700
319,94000
320,251700
321,251700
322,251700
323,94000
324,94000
325,172850
326,251700
327,94000
328,251700
329,251700
330,251700
331,94000
332,94000
333,251700
334,251700
335,94000
336,94000
337,94000
338,251700
339,94000
340,94000
341,251700
342,251700
343,94000
344,251700
345,251700
346,94000
347,251700
348,251700
349,94000
350,251700
351,94000
352,94000
353,94000
354,251700
355,251700
356,94000
357,94000
358,251700
359,251700
360,251700
361,94000
362,251700
363,94000
364,251700
365,94000
366,94000
367,94000
368,251700
369,94000
370,94000
371,94000
372,251700
373,251700
374,251700
375,94000
376,94000
377,94000
378,251700
379,251700
380,94000
381,94000
382,251700
383,94000
384,94000
385,94000
386,251700
387,251700
388,94000
389,251700
390,251700
391,251700
392,251700
393,251700
394,94000
395,94000
396,94000
397,251700
398,251700
399,94000
400,251700
401,94000
402,94000
403,94000
404,251700
405,94000
406,94000
407,251700
408,251700
409,94000
410,251700
411,172850
412,94000
413,251700
414,251700
415,94000
416,251700
417,94000
418,251700
419,94000
420,251700
421,94000
422,94000
423,94000
424,94000
425,251700
426,94000
427,251700
428,172850
429,251700
430,94000
431,251700
432,251700
433,251700
434,94000
435,251700
436,251700
437,94000
438,94000
439,94000
440,251700
441,94000
442,251700
443,94000
444,251700
445,94000
446,172850
447,251700
448,251700
449,94000
450,251700
451,251700
452,251700
453,94000
454,94000
455,251700
456,94000
457,251700
458,94000
459,94000
460,251700
461,251700
462,94000
463,251700
464,94000
465,94000
466,94000
467,94000
468,251700
469,251700
470,251700
471,251700
472,251700
473,94000
474,94000
475,251700
476,251700
477,94000
478,251700
479,94000
480,251700
481,251700
482,172850
483,251700
484,251700
485,251700
486,94000
487,251700
488,94000
489,251700
490,172850
491,94000
492,251700
493,251700
494,251700
495,251700
496,94000
497,94000
498,94000
499,94000
500,251700
