0,251700
1,172850
2,251700
3,94000
4,251700
5,251700
6,94000
7,94000
8,251700
9,94000
10,251700
11,94000
12,251700
13,251700
14,251700
15,251700
16,94000
17,251700
18,94000
19,251700
20,251700
21,251700
22,251700
23,94000
24,94000
25,94000
26,251700
27,251700
28,94000
29,94000
30,94000
31,94000
32,94000
33,251700
34,94000
35,94000
36,251700
37,251700
38,94000
39,94000
40,94000
41,94000
42,251700
43,251700
44,251700
45,251700
46,94000
47,251700
48,94000
49,251700
50,94000
51,251700
52,94000
53,94000
54,94000
55,94000
56,94000
57,251700
58,251700
59,94000
60,94000
61,94000
62,251700
63,94000
64,251700
65,94000
66,251700
67,251700
68,94000
69,94000
70,251700
71,251700
72,94000
73,251700
74,94000
75,251700
76,251700
77,251700
78,251700
79,251700
80,251700
81,251700
82,94000
83,172850
84,94000
85,251700
86,94000
87,94000
88,94000
89,251700
90,251700
91,251700
92,94000
93,251700
94,251700
95,251700
96,94000
97,251700
98,94000
99,94000
100,94000
101,251700
102,251700
103,251700
104,251700
105,94000
106,94000
107,94000
108,251700
109,251700
110,251700
111,251700
112,251700
113,251700
114,251700
115,251700
116,94000
117,251700
118,94000
119,94000
120,94000
121,94000
122,251700
123,94000
124,172850
125,251700
126,251700
127,94000
128,94000
129,94000
130,251700
131,172850
132,251700
133,94000
134,94000
135,94000
136,251700
137,94000
138,251700
139,251700
140,251700
141,251700
142,251700
143,251700
144,94000
145,251700
146,251700
147,251700
148,251700
149,251700
150,251700
151,251700
152,94000
153,94000
154,251700
155,94000
156,251700
157,251700
158,251700
159,251700
160,251700
161,172850
162,94000
163,94000
164,251700
165,94000
166,251700
167,94000
168,251700
169,251700
170,251700
171,94000
172,251700
173,251700
174,251700
175,94000
176,251700
177,94000
178,172850
179,94000
180,251700
181,251700
182,94000
183,251700
184,251700
185,251700
186,251700
187,251700
188,251700
189,251700
190,251700
191,251700
192,94000
193,251700
194,94000
195,94000
196,94000
197,94000
198,94000
199,251700
200,251700
201,94000
202,94000
203,94000
204,94000
205,251700
206,251700
207,94000
208,251700
209,94000
210,94000
211,94000
212,251700
213,251700
214,94000
215,251700
216,251700
217,94000
218,251700
219,251700
220,94000
221,251700
222,94000
223,251700
224,251700
225,251700
226,251700
227,251700
228,172850
229,94000
230,94000
231,94000
232,94000
233,94000
234,251700
235,94000
236,251700
237,251700
238,94000
239,94000
240,251700
241,94000
242,94000
243,94000
244,94000
245,251700
246,94000
247,251700
248,251700
249,94000
250,251700
251,94000
252,94000
253,251700
254,94000
255,251700
256,251700
257,251700
258,94000
259,251700
260,251700
261,94000
262,251700
263,251700
264,94000
265,94000
266,94000
267,94000
268,94000
269,94000
270,251700
271,251700
272,94000
273,251700
274,251700
275,251700
276,251700
277,94000
278,251700
279,94000
280,94000
281,94000
282,251700
283,94000
284,94000
285,94000
286,251700
287,251700
288,94000
289,94000
290,251700
291,251700
292,94000
293,94000
294,94000
295,94000
296,251700
297,94000
298,94000
299,94000
300,94000
301,251700
302,94000
303,94000
304,251700
305,251700
306,94000
307,251700
308,251700
309,94000
310,251700
311,94000
312,251700
313,94000
314,94000
315,94000
316,94000
317,251700
318,251700
319,94000
320,94000
321,94000
322,94000
323,251700
324,94000
325,172850
326,94000
327,94000
328,251700
329,94000
330,251700
331,94000
332,94000
333,251700
334,94000
335,251700
336,94000
337,94000
338,251700
339,251700
340,94000
341,94000
342,251700
343,251700
344,94000
345,94000
346,251700
347,94000
348,251700
349,94000
350,94000
351,251700
352,94000
353,251700
354,94000
355,94000
356,94000
357,94000
358,94000
359,251700
360,94000
361,251700
362,94000
363,94000
364,94000
365,94000
366,94000
367,94000
368,94000
369,94000
370,94000
371,251700
372,251700
373,94000
374,251700
375,94000
376,251700
377,251700
378,172850
379,94000
380,251700
381,251700
382,94000
383,94000
384,251700
385,94000
386,251700
387,94000
388,94000
389,172850
390,251700
391,251700
392,94000
393,94000
394,94000
395,94000
396,94000
397,251700
398,251700
399,94000
400,172850
401,94000
402,251700
403,251700
404,251700
405,251700
406,94000
407,251700
408,251700
409,251700
410,94000
411,251700
412,94000
413,251700
414,251700
415,94000
416,251700
417,251700
418,94000
419,94000
420,94000
421,94000
422,251700
423,251700
424,251700
425,251700
426,251700
427,251700
428,94000
429,251700
430,94000
431,172850
432,94000
433,94000
434,94000
435,94000
436,94000
437,251700
438,251700
439,94000
440,251700
441,94000
442,251700
443,251700
444,94000
445,251700
446,251700
447,251700
448,94000
449,251700
450,251700
451,94000
452,172850
453,251700
454,251700
455,94000
456,251700
457,94000
458,251700
459,251700
460,94000
461,251700
462,94000
463,94000
464,94000
465,251700
466,251700
467,94000
468,94000
469,94000
470,251700
471,172850
472,94000
473,94000
474,94000
475,251700
476,94000
477,251700
478,94000
479,251700
480,94000
481,94000
482,94000
483,251700
484,251700
485,251700
486,251700
487,251700
488,94000
489,251700
490,94000
491,94000
492,251700
493,94000
494,251700
495,94000
496,94000
497,94000
498,251700
499,94000
500,94000
