0,251700
1,94000
2,251700
3,251700
4,251700
5,94000
6,94000
7,94000
8,251700
9,251700
10,172850
11,251700
12,251700
13,251700
14,94000
15,251700
16,94000
17,251700
18,251700
19,94000
20,251700
21,251700
22,251700
23,94000
24,251700
25,251700
26,94000
27,172850
28,94000
29,251700
30,94000
31,94000
32,251700
33,94000
34,94000
35,94000
36,251700
37,251700
38,94000
39,251700
40,251700
41,94000
42,94000
43,251700
44,251700
45,172850
46,94000
47,94000
48,251700
49,94000
50,251700
51,94000
52,251700
53,251700
54,251700
55,251700
56,251700
57,251700
58,172850
59,94000
60,94000
61,94000
62,251700
63,251700
64,94000
65,251700
66,94000
67,251700
68,94000
69,251700
70,94000
71,251700
72,251700
73,94000
74,251700
75,251700
76,251700
77,94000
78,251700
79,251700
80,94000
81,94000
82,251700
83,94000
84,94000
85,251700
86,94000
87,251700
88,172850
89,251700
90,251700
91,94000
92,251700
93,94000
94,172850
95,94000
96,94000
97,251700
98,94000
99,94000
100,94000
101,251700
102,251700
103,94000
104,251700
105,251700
106,251700
107,94000
108,251700
109,94000
110,251700
111,94000
112,94000
113,251700
114,94000
115,94000
116,94000
117,251700
118,94000
119,94000
120,94000
121,94000
122,251700
123,94000
124,94000
125,94000
126,94000
127,94000
128,94000
129,94000
130,94000
131,251700
132,94000
133,251700
134,251700
135,251700
136,94000
137,94000
138,172850
139,251700
140,172850
141,251700
142,251700
143,251700
144,251700
145,94000
146,251700
147,172850
148,251700
149,251700
150,251700
151,94000
152,251700
153,94000
154,94000
155,251700
156,251700
157,94000
158,94000
159,94000
160,94000
161,94000
162,94000
163,251700
164,172850
165,94000
166,94000
167,172850
168,94000
169,251700
170,94000
171,251700
172,251700
173,251700
174,94000
175,94000
176,94000
177,251700
178,251700
179,94000
180,94000
181,251700
182,251700
183,94000
184,251700
185,94000
186,251700
187,251700
188,94000
189,251700
190,251700
191,251700
192,251700
193,251700
194,251700
195,251700
196,251700
197,251700
198,94000
199,94000
200,94000
201,94000
202,94000
203,251700
204,94000
205,94000
206,94000
207,251700
208,94000
209,251700
210,251700
211,94000
212,251700
213,94000
214,251700
215,94000
216,251700
217,94000
218,94000
219,251700
220,94000
221,94000
222,251700
223,251700
224,251700
225,251700
226,251700
227,94000
228,94000
229,94000
230,94000
231,94000
232,94000
233,94000
234,94000
235,94000
236,251700
237,251700
238,94000
239,251700
240,251700
241,172850
242,251700
243,94000
244,94000
245,94000
246,251700
247,94000
248,251700
249,94000
250,94000
251,94000
252,251700
253,251700
254,94000
255,251700
256,251700
257,251700
258,251700
259,94000
260,251700
261,94000
262,94000
263,251700
264,251700
265,94000
266,94000
267,94000
268,94000
269,94000
270,251700
271,251700
272,94000
273,94000
274,94000
275,94000
276,94000
277,251700
278,94000
279,94000
280,251700
281,251700
282,94000
283,251700
284,251700
285,94000
286,251700
287,251700
288,251700
289,94000
290,251700
291,94000
292,251700
293,251700
294,251700
295,251700
296,251700
297,251700
298,94000
299,94000
300,251700
301,94000
302,251700
303,94000
304,94000
305,172850
306,94000
307,251700
308,94000
309,94000
310,251700
311,94000
312,251700
313,172850
314,94000
315,94000
316,94000
317,251700
318,94000
319,94000
320,94000
321,251700
322,251700
323,251700
324,94000
325,94000
326,94000
327,251700
328,251700
329,251700
330,251700
331,94000
332,94000
333,94000
334,94000
335,94000
336,251700
337,94000
338,251700
339,94000
340,94000
341,251700
342,251700
343,251700
344,94000
345,94000
346,94000
347,94000
348,251700
349,94000
350,94000
351,251700
352,94000
353,251700
354,251700
355,251700
356,251700
357,251700
358,94000
359,94000
360,94000
361,94000
362,94000
363,172850
364,251700
365,251700
366,94000
367,94000
368,172850
369,251700
370,251700
371,94000
372,251700
373,94000
374,94000
375,251700
376,251700
377,94000
378,251700
379,251700
380,251700
381,251700
382,251700
383,94000
384,251700
385,94000
386,94000
387,94000
388,251700
389,94000
390,251700
391,94000
392,94000
393,94000
394,251700
395,251700
396,251700
397,94000
398,94000
399,94000
400,251700
401,251700
402,251700
403,251700
404,172850
405,251700
406,94000
407,251700
408,251700
409,251700
410,251700
411,94000
412,94000
413,251700
414,94000
415,94000
416,172850
417,251700
418,251700
419,94000
420,251700
421,251700
422,94000
423,251700
424,251700
425,94000
426,251700
427,251700
428,251700
429,94000
430,251700
431,94000
432,251700
433,251700
434,94000
435,94000
436,94000
437,251700
438,251700
439,251700
440,94000
441,94000
442,172850
443,172850
444,94000
445,251700
446,251700
447,94000
448,251700
449,94000
450,172850
451,94000
452,251700
453,94000
454,94000
455,94000
456,94000
457,94000
458,251700
459,251700
460,94000
461,251700
462,251700
463,251700
464,251700
465,94000
466,94000
467,94000
468,94000
469,94000
470,94000
471,251700
472,251700
473,94000
474,172850
475,94000
476,251700
477,251700
478,251700
479,94000
480,94000
481,94000
482,94000
483,251700
484,251700
485,251700
486,94000
487,251700
488,251700
489,251700
490,94000
491,251700
492,251700
493,94000
494,94000
495,94000
496,94000
497,94000
498,251700
499,94000
500,94000
