0,94000
1,251700
2,251700
3,251700
4,251700
5,251700
6,94000
7,94000
8,251700
9,251700
10,172850
11,251700
12,94000
13,251700
14,251700
15,251700
16,251700
17,94000
18,94000
19,251700
20,94000
21,251700
22,251700
23,94000
24,94000
25,94000
26,251700
27,251700
28,94000
29,94000
30,251700
31,251700
32,94000
33,251700
34,94000
35,94000
36,251700
37,94000
38,94000
39,251700
40,251700
41,94000
42,94000
43,251700
44,251700
45,94000
46,94000
47,251700
48,94000
49,94000
50,94000
51,94000
52,251700
53,94000
54,251700
55,251700
56,251700
57,251700
58,94000
59,94000
60,94000
61,251700
62,251700
63,251700
64,251700
65,251700
66,94000
67,251700
68,251700
69,251700
70,94000
71,94000
72,94000
73,172850
74,94000
75,251700
76,251700
77,172850
78,94000
79,251700
80,94000
81,94000
82,251700
83,251700
84,251700
85,251700
86,251700
87,251700
88,251700
89,251700
90,94000
91,251700
92,94000
93,251700
94,94000
95,251700
96,251700
97,251700
98,251700
99,251700
100,251700
101,94000
102,94000
103,251700
104,251700
105,251700
106,94000
107,251700
108,94000
109,251700
110,251700
111,94000
112,251700
113,94000
114,94000
115,251700
116,94000
117,251700
118,251700
119,94000
120,251700
121,172850
122,251700
123,94000
124,94000
125,94000
126,251700
127,94000
128,251700
129,251700
130,94000
131,94000
132,94000
133,251700
134,94000
135,251700
136,251700
137,251700
138,251700
139,172850
140,94000
141,94000
142,251700
143,251700
144,251700
145,251700
146,172850
147,251700
148,251700
149,251700
150,172850
151,94000
152,94000
153,94000
154,94000
155,94000
156,251700
157,94000
158,94000
159,251700
160,94000
161,94000
162,94000
163,94000
164,251700
165,172850
166,94000
167,94000
168,94000
169,251700
170,94000
171,94000
172,94000
173,251700
174,251700
175,172850
176,251700
177,94000
178,251700
179,94000
180,94000
181,251700
182,251700
183,94000
184,251700
185,94000
186,94000
187,251700
188,94000
189,251700
190,94000
191,94000
192,94000
193,94000
194,94000
195,251700
196,251700
197,94000
198,94000
199,251700
200,251700
201,94000
202,251700
203,94000
204,94000
205,94000
206,251700
207,251700
208,251700
209,172850
210,251700
211,94000
212,251700
213,94000
214,94000
215,251700
216,94000
217,94000
218,94000
219,94000
220,94000
221,251700
222,251700
223,251700
224,251700
225,251700
226,251700
227,251700
228,94000
229,94000
230,94000
231,94000
232,251700
233,94000
234,251700
235,251700
236,94000
237,251700
238,251700
239,251700
240,251700
241,94000
242,251700
243,251700
244,251700
245,94000
246,251700
247,94000
248,251700
249,251700
250,251700
251,94000
252,94000
253,251700
254,94000
255,94000
256,94000
257,251700
258,251700
259,251700
260,172850
261,94000
262,94000
263,251700
264,94000
265,94000
266,251700
267,251700
268,251700
269,94000
270,251700
271,94000
272,94000
273,94000
274,172850
275,251700
276,251700
277,94000
278,251700
279,251700
280,172850
281,94000
282,251700
283,251700
284,251700
285,94000
286,251700
287,251700
288,251700
289,251700
290,94000
291,94000
292,251700
293,251700
294,251700
295,251700
296,94000
297,251700
298,94000
299,251700
300,251700
301,251700
302,251700
303,94000
304,251700
305,94000
306,251700
307,94000
308,94000
309,94000
310,251700
311,94000
312,94000
313,94000
314,94000
315,94000
316,94000
317,94000
318,94000
319,94000
320,94000
321,251700
322,94000
323,251700
324,94000
325,94000
326,251700
327,251700
328,172850
329,251700
330,94000
331,94000
332,251700
333,251700
334,251700
335,94000
336,94000
337,251700
338,94000
339,251700
340,251700
341,251700
342,251700
343,94000
344,94000
345,251700
346,94000
347,94000
348,94000
349,251700
350,251700
351,94000
352,251700
353,94000
354,94000
355,94000
356,251700
357,251700
358,94000
359,251700
360,94000
361,251700
362,94000
363,94000
364,94000
365,94000
366,94000
367,251700
368,94000
369,251700
370,94000
371,94000
372,94000
373,94000
374,251700
375,94000
376,94000
377,251700
378,94000
379,94000
380,94000
381,251700
382,251700
383,94000
384,251700
385,172850
386,94000
387,94000
388,251700
389,94000
390,94000
391,94000
392,251700
393,251700
394,94000
395,94000
396,251700
397,94000
398,251700
399,251700
400,94000
401,94000
402,251700
403,251700
404,94000
405,251700
406,251700
407,251700
408,251700
409,94000
410,251700
411,251700
412,94000
413,94000
414,94000
415,251700
416,94000
417,94000
418,251700
419,251700
420,251700
421,94000
422,94000
423,251700
424,251700
425,94000
426,94000
427,251700
428,94000
429,94000
430,94000
431,94000
432,94000
433,94000
434,251700
435,94000
436,94000
437,94000
438,251700
439,251700
440,251700
441,94000
442,251700
443,251700
444,94000
445,251700
446,251700
447,251700
448,94000
449,251700
450,94000
451,251700
452,251700
453,94000
454,94000
455,94000
456,94000
457,94000
458,94000
459,251700
460,94000
461,94000
462,94000
463,251700
464,94000
465,251700
466,94000
467,94000
468,94000
469,94000
470,251700
471,251700
472,94000
473,251700
474,94000
475,94000
476,251700
477,251700
478,94000
479,94000
480,94000
481,251700
482,251700
483,94000
484,251700
485,94000
486,251700
487,251700
488,251700
489,94000
490,94000
491,94000
492,94000
493,94000
494,251700
495,94000
496,94000
497,251700
498,251700
499,251700
500,251700
