0,172850
1,94000
2,94000
3,94000
4,251700
5,94000
6,251700
7,94000
8,94000
9,251700
10,94000
11,94000
12,94000
13,251700
14,94000
15,251700
16,251700
17,94000
18,94000
19,251700
20,94000
21,251700
22,94000
23,94000
24,94000
25,94000
26,251700
27,251700
28,94000
29,251700
30,94000
31,94000
32,251700
33,94000
34,251700
35,94000
36,94000
37,94000
38,251700
39,94000
40,251700
41,94000
42,94000
43,94000
44,94000
45,251700
46,251700
47,94000
48,251700
49,251700
50,251700
51,94000
52,251700
53,251700
54,251700
55,94000
56,94000
57,172850
58,251700
59,94000
60,251700
61,172850
62,251700
63,94000
64,94000
65,94000
66,94000
67,94000
68,94000
69,251700
70,251700
71,94000
72,251700
73,251700
74,251700
75,94000
76,94000
77,251700
78,251700
79,251700
80,251700
81,251700
82,251700
83,94000
84,251700
85,94000
86,251700
87,251700
88,251700
89,94000
90,251700
91,251700
92,251700
93,94000
94,94000
95,172850
96,94000
97,251700
98,251700
99,251700
100,251700
101,251700
102,251700
103,94000
104,251700
105,251700
106,251700
107,94000
108,251700
109,172850
110,251700
111,251700
112,251700
113,251700
114,251700
115,251700
116,94000
117,94000
118,251700
119,251700
120,94000
121,94000
122,94000
123,251700
124,94000
125,94000
126,94000
127,251700
128,251700
129,251700
130,251700
131,251700
132,251700
133,251700
134,251700
135,251700
136,251700
137,94000
138,94000
139,251700
140,251700
141,251700
142,94000
143,251700
144,94000
145,94000
146,172850
147,251700
148,94000
149,94000
150,251700
151,94000
152,251700
153,94000
154,94000
155,94000
156,172850
157,94000
158,94000
159,94000
160,251700
161,94000
162,94000
163,251700
164,94000
165,94000
166,251700
167,94000
168,94000
169,94000
170,94000
171,94000
172,94000
173,94000
174,251700
175,94000
176,251700
177,94000
178,251700
179,251700
180,251700
181,251700
182,94000
183,251700
184,251700
185,251700
186,251700
187,94000
188,251700
189,251700
190,94000
191,94000
192,94000
193,94000
194,251700
195,251700
196,94000
197,251700
198,251700
199,251700
200,94000
201,251700
202,94000
203,251700
204,94000
205,251700
206,94000
207,251700
208,94000
209,94000
210,251700
211,251700
212,94000
213,94000
214,94000
215,251700
216,172850
217,251700
218,94000
219,94000
220,172850
221,94000
222,94000
223,94000
224,251700
225,94000
226,251700
227,94000
228,251700
229,94000
230,94000
231,94000
232,94000
233,94000
234,172850
235,94000
236,251700
237,251700
238,251700
239,251700
240,251700
241,251700
242,94000
243,251700
244,94000
245,251700
246,94000
247,251700
248,94000
249,251700
250,94000
251,251700
252,251700
253,251700
254,94000
255,251700
256,94000
257,94000
258,94000
259,94000
260,251700
261,251700
262,251700
263,94000
264,94000
265,251700
266,94000
267,251700
268,251700
269,94000
270,251700
271,94000
272,251700
273,94000
274,94000
275,94000
276,172850
277,94000
278,251700
279,94000
280,94000
281,251700
282,251700
283,94000
284,94000
285,94000
286,94000
287,94000
288,251700
289,251700
290,94000
291,94000
292,94000
293,94000
294,251700
295,94000
296,94000
297,251700
298,94000
299,94000
300,94000
301,251700
302,172850
303,251700
304,251700
305,251700
306,94000
307,94000
308,251700
309,94000
310,94000
311,94000
312,94000
313,94000
314,94000
315,251700
316,251700
317,94000
318,251700
319,94000
320,251700
321,94000
322,94000
323,251700
324,94000
325,94000
326,94000
327,94000
328,251700
329,251700
330,251700
331,94000
332,94000
333,94000
334,251700
335,94000
336,172850
337,94000
338,251700
339,94000
340,251700
341,251700
342,251700
343,251700
344,251700
345,251700
346,251700
347,251700
348,251700
349,94000
350,94000
351,251700
352,251700
353,251700
354,251700
355,94000
356,251700
357,94000
358,251700
359,251700
360,251700
361,251700
362,94000
363,94000
364,251700
365,94000
366,251700
367,94000
368,94000
369,251700
370,172850
371,251700
372,94000
373,172850
374,251700
375,94000
376,94000
377,94000
378,172850
379,251700
380,94000
381,94000
382,94000
383,94000
384,94000
385,251700
386,251700
387,94000
388,172850
389,251700
390,94000
391,251700
392,94000
393,94000
394,251700
395,94000
396,94000
397,251700
398,251700
399,94000
400,94000
401,94000
402,94000
403,94000
404,94000
405,94000
406,251700
407,94000
408,94000
409,94000
410,94000
411,94000
412,172850
413,251700
414,251700
415,94000
416,94000
417,94000
418,94000
419,251700
420,94000
421,94000
422,251700
423,94000
424,94000
425,251700
426,251700
427,94000
428,251700
429,94000
430,251700
431,94000
432,251700
433,251700
434,251700
435,251700
436,94000
437,94000
438,251700
439,251700
440,94000
441,251700
442,94000
443,251700
444,251700
445,94000
446,251700
447,94000
448,251700
449,94000
450,251700
451,94000
452,94000
453,94000
454,251700
455,251700
456,94000
457,251700
458,251700
459,94000
460,251700
461,94000
462,251700
463,251700
464,251700
465,94000
466,172850
467,251700
468,94000
469,251700
470,251700
471,251700
472,94000
473,94000
474,251700
475,94000
476,94000
477,94000
478,251700
479,251700
480,251700
481,251700
482,251700
483,251700
484,251700
485,251700
486,94000
487,251700
488,94000
489,251700
490,94000
491,251700
492,94000
493,251700
494,94000
495,251700
496,94000
497,251700
498,94000
499,94000
500,251700
