0,251700
1,251700
2,251700
3,251700
4,251700
5,251700
6,251700
7,94000
8,251700
9,94000
10,251700
11,251700
12,94000
13,251700
14,251700
15,251700
16,251700
17,251700
18,251700
19,172850
20,251700
21,251700
22,172850
23,251700
24,251700
25,94000
26,251700
27,251700
28,251700
29,94000
30,94000
31,251700
32,251700
33,251700
34,94000
35,94000
36,94000
37,94000
38,251700
39,251700
40,94000
41,251700
42,94000
43,94000
44,94000
45,251700
46,94000
47,251700
48,251700
49,94000
50,94000
51,94000
52,251700
53,251700
54,251700
55,94000
56,251700
57,251700
58,251700
59,94000
60,251700
61,94000
62,94000
63,172850
64,94000
65,251700
66,94000
67,94000
68,251700
69,251700
70,94000
71,94000
72,251700
73,94000
74,94000
75,94000
76,172850
77,94000
78,251700
79,251700
80,94000
81,94000
82,251700
83,172850
84,172850
85,251700
86,94000
87,94000
88,94000
89,94000
90,94000
91,94000
92,251700
93,94000
94,172850
95,251700
96,94000
97,94000
98,94000
99,94000
100,251700
101,251700
102,251700
103,251700
104,94000
105,251700
106,94000
107,94000
108,94000
109,251700
110,251700
111,94000
112,94000
113,251700
114,94000
115,251700
116,94000
117,94000
118,251700
119,251700
120,251700
121,94000
122,251700
123,251700
124,251700
125,94000
126,251700
127,94000
128,251700
129,251700
130,251700
131,251700
132,94000
133,94000
134,94000
135,94000
136,94000
137,94000
138,251700
139,94000
140,94000
141,251700
142,251700
143,251700
144,94000
145,94000
146,251700
147,251700
148,251700
149,94000
150,94000
151,172850
152,94000
153,251700
154,94000
155,94000
156,94000
157,94000
158,251700
159,251700
160,94000
161,251700
162,251700
163,251700
164,251700
165,94000
166,94000
167,94000
168,251700
169,94000
170,251700
171,94000
172,251700
173,94000
174,251700
175,251700
176,94000
177,94000
178,172850
179,94000
180,94000
181,94000
182,251700
183,94000
184,94000
185,251700
186,94000
187,251700
188,94000
189,251700
190,251700
191,251700
192,251700
193,251700
194,251700
195,94000
196,251700
197,251700
198,94000
199,251700
200,251700
201,94000
202,94000
203,251700
204,94000
205,94000
206,251700
207,94000
208,251700
209,251700
210,251700
211,251700
212,94000
213,94000
214,251700
215,172850
216,251700
217,251700
218,251700
219,251700
220,94000
221,251700
222,94000
223,251700
224,94000
225,94000
226,94000
227,94000
228,94000
229,94000
230,251700
231,94000
232,94000
233,94000
234,94000
235,251700
236,94000
237,251700
238,172850
239,251700
240,94000
241,94000
242,94000
243,251700
244,94000
245,251700
246,251700
247,251700
248,251700
249,251700
250,251700
251,251700
252,251700
253,251700
254,251700
255,251700
256,251700
257,251700
258,94000
259,251700
260,94000
261,94000
262,94000
263,94000
264,251700
265,251700
266,251700
267,94000
268,251700
269,251700
270,251700
271,251700
272,172850
273,251700
274,251700
275,251700
276,94000
277,94000
278,251700
279,94000
280,94000
281,94000
282,251700
283,251700
284,251700
285,251700
286,251700
287,251700
288,251700
289,94000
290,251700
291,251700
292,251700
293,94000
294,251700
295,251700
296,251700
297,94000
298,251700
299,251700
300,251700
301,94000
302,251700
303,251700
304,172850
305,94000
306,94000
307,251700
308,251700
309,251700
310,94000
311,94000
312,94000
313,94000
314,251700
315,251700
316,251700
317,94000
318,94000
319,251700
320,251700
321,251700
322,251700
323,251700
324,251700
325,94000
326,251700
327,251700
328,94000
329,94000
330,94000
331,251700
332,94000
333,94000
334,251700
335,94000
336,251700
337,251700
338,94000
339,251700
340,94000
341,251700
342,251700
343,94000
344,251700
345,251700
346,251700
347,94000
348,251700
349,94000
350,251700
351,94000
352,251700
353,94000
354,251700
355,94000
356,251700
357,94000
358,94000
359,94000
360,94000
361,94000
362,251700
363,251700
364,251700
365,94000
366,94000
367,94000
368,172850
369,251700
370,251700
371,251700
372,251700
373,94000
374,251700
375,94000
376,94000
377,94000
378,251700
379,251700
380,94000
381,94000
382,251700
383,94000
384,251700
385,251700
386,251700
387,94000
388,94000
389,251700
390,251700
391,251700
392,251700
393,251700
394,251700
395,251700
396,251700
397,94000
398,251700
399,251700
400,251700
401,94000
402,251700
403,251700
404,94000
405,251700
406,94000
407,251700
408,251700
409,94000
410,251700
411,251700
412,94000
413,94000
414,172850
415,94000
416,94000
417,251700
418,94000
419,251700
420,251700
421,251700
422,94000
423,251700
424,94000
425,94000
426,251700
427,251700
428,251700
429,251700
430,94000
431,94000
432,94000
433,94000
434,251700
435,94000
436,251700
437,94000
438,251700
439,251700
440,94000
441,94000
442,94000
443,251700
444,251700
445,94000
446,251700
447,251700
448,94000
449,94000
450,94000
451,251700
452,251700
453,251700
454,251700
455,251700
456,172850
457,251700
458,172850
459,251700
460,94000
461,251700
462,172850
463,251700
464,94000
465,94000
466,94000
467,94000
468,94000
469,251700
470,94000
471,251700
472,251700
473,94000
474,251700
475,251700
476,251700
477,251700
478,94000
479,251700
480,94000
481,251700
482,251700
483,94000
484,251700
485,251700
486,94000
487,251700
488,94000
489,251700
490,94000
491,94000
492,251700
493,94000
494,94000
495,251700
496,94000
497,251700
498,94000
499,94000
500,94000
