0,251700
1,94000
2,94000
3,251700
4,251700
5,251700
6,251700
7,94000
8,94000
9,172850
10,94000
11,94000
12,94000
13,94000
14,251700
15,251700
16,94000
17,94000
18,251700
19,94000
20,94000
21,94000
22,94000
23,251700
24,172850
25,251700
26,251700
27,94000
28,251700
29,94000
30,251700
31,94000
32,251700
33,251700
34,251700
35,94000
36,251700
37,251700
38,251700
39,251700
40,94000
41,251700
42,94000
43,94000
44,251700
45,94000
46,251700
47,94000
48,251700
49,94000
50,94000
51,251700
52,94000
53,251700
54,94000
55,172850
56,94000
57,94000
58,251700
59,251700
60,94000
61,94000
62,172850
63,94000
64,251700
65,94000
66,94000
67,251700
68,251700
69,94000
70,251700
71,94000
72,94000
73,251700
74,172850
75,251700
76,251700
77,94000
78,94000
79,251700
80,94000
81,251700
82,251700
83,94000
84,251700
85,94000
86,94000
87,251700
88,251700
89,94000
90,251700
91,94000
92,94000
93,94000
94,251700
95,251700
96,251700
97,94000
98,251700
99,94000
100,94000
101,172850
102,94000
103,172850
104,94000
105,172850
106,251700
107,94000
108,94000
109,94000
110,251700
111,251700
112,251700
113,251700
114,251700
115,94000
116,251700
117,251700
118,94000
119,251700
120,94000
121,251700
122,94000
123,251700
124,94000
125,251700
126,251700
127,172850
128,251700
129,251700
130,172850
131,94000
132,251700
133,172850
134,172850
135,94000
136,251700
137,251700
138,94000
139,94000
140,94000
141,172850
142,94000
143,94000
144,251700
145,94000
146,251700
147,94000
148,251700
149,94000
150,251700
151,94000
152,251700
153,94000
154,251700
155,172850
156,94000
157,251700
158,94000
159,172850
160,94000
161,251700
162,251700
163,94000
164,172850
165,94000
166,172850
167,94000
168,94000
169,94000
170,94000
171,94000
172,251700
173,94000
174,251700
175,251700
176,94000
177,94000
178,94000
179,251700
180,251700
181,94000
182,251700
183,94000
184,94000
185,251700
186,172850
187,251700
188,94000
189,94000
190,251700
191,251700
192,94000
193,94000
194,251700
195,94000
196,94000
197,251700
198,251700
199,94000
200,251700
201,251700
202,251700
203,94000
204,94000
205,94000
206,251700
207,94000
208,94000
209,251700
210,251700
211,251700
212,94000
213,94000
214,94000
215,94000
216,251700
217,94000
218,94000
219,251700
220,94000
221,94000
222,251700
223,94000
224,94000
225,94000
226,251700
227,94000
228,251700
229,94000
230,251700
231,251700
232,94000
233,94000
234,251700
235,94000
236,94000
237,251700
238,94000
239,251700
240,251700
241,94000
242,251700
243,94000
244,94000
245,94000
246,94000
247,172850
248,251700
249,251700
250,94000
251,94000
252,251700
253,94000
254,94000
255,251700
256,94000
257,251700
258,94000
259,251700
260,94000
261,251700
262,94000
263,251700
264,251700
265,94000
266,94000
267,251700
268,94000
269,251700
270,251700
271,251700
272,172850
273,94000
274,251700
275,251700
276,251700
277,94000
278,251700
279,251700
280,251700
281,251700
282,94000
283,251700
284,94000
285,94000
286,251700
287,94000
288,94000
289,94000
290,94000
291,251700
292,94000
293,172850
294,94000
295,94000
296,251700
297,251700
298,251700
299,94000
300,94000
301,94000
302,251700
303,94000
304,94000
305,251700
306,251700
307,172850
308,251700
309,94000
310,94000
311,94000
312,251700
313,251700
314,94000
315,251700
316,94000
317,94000
318,251700
319,251700
320,251700
321,94000
322,94000
323,251700
324,94000
325,94000
326,94000
327,251700
328,251700
329,172850
330,251700
331,94000
332,251700
333,94000
334,251700
335,94000
336,172850
337,251700
338,251700
339,94000
340,251700
341,94000
342,251700
343,172850
344,172850
345,94000
346,251700
347,94000
348,251700
349,94000
350,94000
351,251700
352,94000
353,251700
354,251700
355,251700
356,251700
357,94000
358,94000
359,94000
360,251700
361,94000
362,94000
363,251700
364,251700
365,94000
366,251700
367,94000
368,94000
369,94000
370,94000
371,94000
372,94000
373,94000
374,94000
375,94000
376,251700
377,251700
378,251700
379,251700
380,94000
381,94000
382,94000
383,94000
384,94000
385,94000
386,94000
387,94000
388,251700
389,94000
390,251700
391,251700
392,94000
393,251700
394,94000
395,251700
396,251700
397,251700
398,94000
399,251700
400,94000
401,94000
402,251700
403,94000
404,94000
405,251700
406,94000
407,251700
408,251700
409,251700
410,172850
411,94000
412,94000
413,251700
414,94000
415,94000
416,94000
417,251700
418,251700
419,251700
420,94000
421,94000
422,251700
423,251700
424,94000
425,94000
426,94000
427,251700
428,94000
429,94000
430,94000
431,251700
432,172850
433,251700
434,251700
435,94000
436,94000
437,251700
438,251700
439,251700
440,94000
441,94000
442,251700
443,251700
444,94000
445,172850
446,251700
447,251700
448,94000
449,251700
450,94000
451,251700
452,251700
453,251700
454,94000
455,94000
456,94000
457,94000
458,172850
459,94000
460,94000
461,94000
462,251700
463,251700
464,251700
465,251700
466,94000
467,251700
468,94000
469,94000
470,251700
471,94000
472,251700
473,94000
474,94000
475,94000
476,94000
477,94000
478,251700
479,251700
480,251700
481,94000
482,94000
483,251700
484,251700
485,172850
486,251700
487,94000
488,94000
489,251700
490,94000
491,251700
492,251700
493,94000
494,251700
495,251700
496,94000
497,94000
498,172850
499,94000
500,251700
