0,251700
1,251700
2,251700
3,251700
4,251700
5,94000
6,94000
7,251700
8,251700
9,94000
10,94000
11,251700
12,251700
13,251700
14,94000
15,94000
16,94000
17,251700
18,94000
19,251700
20,172850
21,251700
22,251700
23,94000
24,94000
25,94000
26,251700
27,94000
28,94000
29,251700
30,251700
31,251700
32,251700
33,172850
34,251700
35,94000
36,94000
37,94000
38,94000
39,94000
40,251700
41,94000
42,94000
43,94000
44,94000
45,94000
46,94000
47,251700
48,94000
49,94000
50,94000
51,251700
52,251700
53,94000
54,251700
55,94000
56,251700
57,251700
58,251700
59,94000
60,94000
61,251700
62,251700
63,94000
64,251700
65,94000
66,251700
67,94000
68,251700
69,251700
70,94000
71,94000
72,251700
73,251700
74,251700
75,94000
76,251700
77,251700
78,94000
79,94000
80,94000
81,94000
82,251700
83,94000
84,94000
85,251700
86,94000
87,94000
88,94000
89,251700
90,94000
91,251700
92,251700
93,251700
94,94000
95,251700
96,251700
97,94000
98,94000
99,94000
100,94000
101,94000
102,251700
103,251700
104,251700
105,94000
106,172850
107,251700
108,94000
109,251700
110,251700
111,94000
112,251700
113,94000
114,94000
115,251700
116,94000
117,251700
118,251700
119,94000
120,94000
121,251700
122,94000
123,94000
124,94000
125,94000
126,251700
127,251700
128,251700
129,251700
130,94000
131,94000
132,94000
133,251700
134,94000
135,251700
136,172850
137,251700
138,172850
139,94000
140,251700
141,251700
142,94000
143,94000
144,251700
145,94000
146,94000
147,251700
148,94000
149,251700
150,251700
151,94000
152,251700
153,94000
154,251700
155,251700
156,94000
157,251700
158,172850
159,94000
160,251700
161,94000
162,251700
163,94000
164,251700
165,94000
166,94000
167,94000
168,94000
169,251700
170,172850
171,251700
172,251700
173,251700
174,94000
175,251700
176,94000
177,94000
178,172850
179,251700
180,251700
181,94000
182,94000
183,251700
184,251700
185,251700
186,94000
187,94000
188,94000
189,251700
190,94000
191,251700
192,251700
193,251700
194,251700
195,94000
196,94000
197,251700
198,94000
199,251700
200,251700
201,251700
202,94000
203,94000
204,94000
205,251700
206,94000
207,94000
208,251700
209,94000
210,94000
211,251700
212,251700
213,94000
214,251700
215,94000
216,251700
217,94000
218,251700
219,94000
220,94000
221,251700
222,251700
223,251700
224,94000
225,94000
226,94000
227,251700
228,251700
229,94000
230,251700
231,94000
232,251700
233,251700
234,251700
235,251700
236,251700
237,251700
238,94000
239,94000
240,172850
241,251700
242,251700
243,251700
244,94000
245,94000
246,251700
247,94000
248,251700
249,94000
250,251700
251,94000
252,94000
253,251700
254,94000
255,94000
256,251700
257,94000
258,251700
259,94000
260,251700
261,172850
262,94000
263,172850
264,251700
265,94000
266,94000
267,94000
268,251700
269,94000
270,251700
271,251700
272,251700
273,94000
274,172850
275,94000
276,251700
277,94000
278,251700
279,251700
280,94000
281,94000
282,94000
283,94000
284,251700
285,251700
286,94000
287,94000
288,251700
289,94000
290,94000
291,172850
292,251700
293,94000
294,251700
295,251700
296,172850
297,251700
298,94000
299,94000
300,94000
301,251700
302,94000
303,94000
304,94000
305,94000
306,251700
307,94000
308,251700
309,94000
310,94000
311,94000
312,251700
313,251700
314,94000
315,251700
316,94000
317,94000
318,251700
319,251700
320,94000
321,251700
322,94000
323,251700
324,251700
325,251700
326,94000
327,251700
328,172850
329,251700
330,251700
331,94000
332,94000
333,251700
334,94000
335,251700
336,94000
337,94000
338,94000
339,251700
340,94000
341,94000
342,251700
343,94000
344,251700
345,94000
346,94000
347,251700
348,94000
349,251700
350,251700
351,251700
352,94000
353,94000
354,94000
355,94000
356,94000
357,251700
358,251700
359,251700
360,251700
361,94000
362,251700
363,251700
364,251700
365,94000
366,251700
367,94000
368,251700
369,94000
370,94000
371,94000
372,94000
373,251700
374,94000
375,94000
376,251700
377,94000
378,94000
379,251700
380,251700
381,251700
382,251700
383,251700
384,94000
385,251700
386,94000
387,172850
388,172850
389,94000
390,251700
391,251700
392,251700
393,251700
394,251700
395,172850
396,251700
397,251700
398,172850
399,251700
400,251700
401,94000
402,94000
403,94000
404,94000
405,251700
406,251700
407,172850
408,94000
409,251700
410,94000
411,94000
412,251700
413,94000
414,251700
415,172850
416,94000
417,94000
418,94000
419,251700
420,251700
421,251700
422,94000
423,94000
424,251700
425,251700
426,94000
427,94000
428,94000
429,94000
430,94000
431,94000
432,251700
433,94000
434,94000
435,94000
436,251700
437,251700
438,94000
439,94000
440,94000
441,94000
442,94000
443,94000
444,251700
445,251700
446,251700
447,94000
448,94000
449,251700
450,251700
451,251700
452,94000
453,251700
454,251700
455,94000
456,94000
457,251700
458,251700
459,251700
460,251700
461,251700
462,251700
463,94000
464,94000
465,172850
466,94000
467,172850
468,94000
469,251700
470,251700
471,94000
472,251700
473,251700
474,251700
475,251700
476,94000
477,251700
478,251700
479,94000
480,251700
481,94000
482,94000
483,251700
484,94000
485,94000
486,94000
487,251700
488,94000
489,172850
490,251700
491,94000
492,94000
493,251700
494,94000
495,94000
496,94000
497,251700
498,94000
499,94000
500,251700
