0,94000
1,94000
2,94000
3,251700
4,251700
5,251700
6,251700
7,172850
8,94000
9,251700
10,94000
11,94000
12,94000
13,94000
14,94000
15,251700
16,94000
17,251700
18,94000
19,94000
20,251700
21,94000
22,251700
23,251700
24,94000
25,251700
26,251700
27,94000
28,94000
29,94000
30,94000
31,172850
32,251700
33,94000
34,94000
35,94000
36,251700
37,251700
38,251700
39,251700
40,251700
41,94000
42,94000
43,251700
44,94000
45,94000
46,251700
47,251700
48,251700
49,251700
50,251700
51,251700
52,94000
53,94000
54,94000
55,94000
56,94000
57,172850
58,251700
59,94000
60,94000
61,94000
62,94000
63,251700
64,94000
65,94000
66,251700
67,94000
68,94000
69,94000
70,94000
71,94000
72,251700
73,94000
74,251700
75,94000
76,94000
77,251700
78,94000
79,251700
80,251700
81,251700
82,94000
83,94000
84,94000
85,94000
86,94000
87,94000
88,251700
89,251700
90,251700
91,251700
92,251700
93,94000
94,94000
95,251700
96,251700
97,251700
98,251700
99,251700
100,251700
101,251700
102,94000
103,251700
104,251700
105,251700
106,94000
107,94000
108,251700
109,251700
110,172850
111,94000
112,94000
113,94000
114,94000
115,94000
116,172850
117,251700
118,251700
119,251700
120,172850
121,94000
122,251700
123,94000
124,251700
125,94000
126,94000
127,94000
128,251700
129,94000
130,251700
131,94000
132,251700
133,94000
134,251700
135,94000
136,172850
137,251700
138,94000
139,94000
140,251700
141,251700
142,251700
143,251700
144,94000
145,251700
146,251700
147,94000
148,251700
149,251700
150,94000
151,94000
152,94000
153,94000
154,251700
155,94000
156,94000
157,251700
158,94000
159,251700
160,251700
161,172850
162,94000
163,251700
164,94000
165,94000
166,251700
167,251700
168,251700
169,94000
170,94000
171,94000
172,94000
173,94000
174,251700
175,94000
176,251700
177,251700
178,251700
179,251700
180,94000
181,94000
182,94000
183,251700
184,94000
185,251700
186,94000
187,251700
188,251700
189,94000
190,94000
191,251700
192,94000
193,251700
194,251700
195,251700
196,94000
197,94000
198,251700
199,251700
200,251700
201,94000
202,94000
203,94000
204,251700
205,251700
206,94000
207,251700
208,94000
209,251700
210,251700
211,94000
212,172850
213,251700
214,251700
215,94000
216,94000
217,251700
218,94000
219,251700
220,94000
221,94000
222,251700
223,94000
224,251700
225,94000
226,251700
227,94000
228,94000
229,94000
230,94000
231,251700
232,251700
233,251700
234,94000
235,251700
236,94000
237,94000
238,251700
239,94000
240,94000
241,94000
242,94000
243,251700
244,251700
245,251700
246,94000
247,94000
248,172850
249,94000
250,94000
251,251700
252,172850
253,251700
254,94000
255,251700
256,251700
257,251700
258,251700
259,94000
260,251700
261,94000
262,94000
263,251700
264,251700
265,251700
266,251700
267,251700
268,94000
269,251700
270,94000
271,94000
272,251700
273,94000
274,94000
275,94000
276,251700
277,251700
278,94000
279,251700
280,172850
281,251700
282,251700
283,251700
284,94000
285,251700
286,172850
287,94000
288,251700
289,94000
290,251700
291,251700
292,94000
293,94000
294,94000
295,94000
296,94000
297,251700
298,172850
299,94000
300,94000
301,251700
302,251700
303,94000
304,94000
305,94000
306,251700
307,251700
308,94000
309,94000
310,94000
311,251700
312,94000
313,94000
314,94000
315,94000
316,94000
317,251700
318,251700
319,94000
320,251700
321,94000
322,251700
323,251700
324,94000
325,94000
326,172850
327,251700
328,251700
329,94000
330,251700
331,251700
332,94000
333,94000
334,94000
335,251700
336,251700
337,94000
338,251700
339,94000
340,94000
341,94000
342,251700
343,251700
344,251700
345,251700
346,94000
347,94000
348,251700
349,251700
350,94000
351,94000
352,251700
353,251700
354,94000
355,251700
356,94000
357,251700
358,251700
359,251700
360,94000
361,94000
362,94000
363,94000
364,251700
365,94000
366,94000
367,251700
368,94000
369,251700
370,251700
371,94000
372,94000
373,94000
374,94000
375,251700
376,94000
377,251700
378,251700
379,94000
380,94000
381,94000
382,94000
383,251700
384,94000
385,251700
386,94000
387,94000
388,94000
389,94000
390,251700
391,251700
392,94000
393,251700
394,94000
395,94000
396,94000
397,172850
398,251700
399,94000
400,251700
401,251700
402,94000
403,251700
404,94000
405,94000
406,172850
407,251700
408,251700
409,251700
410,94000
411,251700
412,251700
413,251700
414,94000
415,251700
416,251700
417,94000
418,251700
419,251700
420,94000
421,94000
422,251700
423,251700
424,94000
425,251700
426,251700
427,251700
428,172850
429,251700
430,172850
431,94000
432,251700
433,94000
434,251700
435,251700
436,251700
437,251700
438,94000
439,251700
440,251700
441,94000
442,94000
443,251700
444,94000
445,94000
446,94000
447,251700
448,251700
449,94000
450,251700
451,94000
452,94000
453,94000
454,251700
455,251700
456,251700
457,251700
458,172850
459,251700
460,94000
461,251700
462,94000
463,94000
464,94000
465,94000
466,94000
467,94000
468,251700
469,251700
470,251700
471,251700
472,251700
473,94000
474,251700
475,172850
476,251700
477,251700
478,94000
479,251700
480,94000
481,172850
482,94000
483,94000
484,251700
485,94000
486,94000
487,251700
488,251700
489,251700
490,251700
491,94000
492,94000
493,94000
494,94000
495,251700
496,94000
497,251700
498,251700
499,94000
500,251700
